=~=~=~=~=~=~=~=~=~=~=~= PuTTY log 2026.09.22 13:42:13 =~=~=~=~=~=~=~=~=~=~=~=
77000,0,10784.31,23.68,10265.93,23.57,10873.44,23.61
78000,0,10786.18,23.67,10266.01,23.57,10873.26,23.61
79000,0,10787.63,23.67,10266.51,23.57,10873.60,23.61
80000,0,10789.13,23.67,10266.73,23.57,10873.73,23.61
81000,0,10789.42,23.67,10266.38,23.57,10872.67,23.61
82000,0,10790.35,23.67,10265.98,23.57,10872.38,23.61
83000,0,10791.46,23.66,10266.71,23.57,10873.28,23.61
84000,0,10792.88,23.66,10266.83,23.57,10873.20,23.61
85000,0,10794.73,23.66,10267.64,23.56,10874.34,23.61
86000,0,10795.60,23.65,10267.99,23.56,10874.13,23.61
87000,0,10796.04,23.65,10268.61,23.56,10874.24,23.61
88000,0,10796.92,23.65,10268.92,23.56,10874.08,23.61
89000,0,10797.60,23.65,10269.47,23.56,10874.29,23.61
90000,0,10799.16,23.65,10269.49,23.56,10875.75,23.61
91000,0,10799.48,23.65,10270.59,23.56,10877.03,23.60
92000,0,10800.32,23.64,10270.55,23.56,10876.37,23.61
93000,0,10801.22,23.64,10271.30,23.56,10876.29,23.61
94000,0,10801.67,23.64,10271.57,23.55,10876.10,23.61
95000,0,10801.51,23.64,10271.37,23.56,10875.91,23.61
96000,0,10800.69,23.64,10271.80,23.55,10875.81,23.61
97000,0,10799.98,23.65,10271.48,23.56,10874.93,23.61
98000,0,10800.93,23.64,10271.17,23.56,10874.18,23.61
99000,0,10800.77,23.64,10270.45,23.56,10874.67,23.61
100000,0,10800.40,23.64,10271.10,23.56,10872.56,23.61
101000,0,10801.04,23.64,10270.17,23.56,10872.78,23.61
102000,0,10801.12,23.64,10269.94,23.56,10872.30,23.61
103000,0,10801.62,23.64,10269.82,23.56,10871.76,23.62
104000,0,10800.93,23.64,10269.32,23.56,10871.45,23.62
105000,0,10800.83,23.64,10269.32,23.56,10871.39,23.62
106000,0,10801.14,23.64,10269.62,23.56,10871.07,23.62
107000,0,10800.46,23.64,10268.84,23.56,10871.84,23.62
108000,0,10800.53,23.64,10269.27,23.56,10873.92,23.61
109000,0,10801.70,23.64,10270.95,23.56,10875.91,23.61
110000,0,10802.36,23.64,10272.35,23.55,10877.99,23.60
111000,0,10803.60,23.64,10274.06,23.55,10879.24,23.60
112000,0,10804.81,23.64,10274.56,23.55,10879.82,23.60
113000,0,10806.37,23.63,10275.41,23.55,10879.45,23.60
114000,0,10806.53,23.63,10274.94,23.55,10880.14,23.60
115000,0,10807.64,23.63,10276.39,23.54,10880.94,23.60
116000,0,10808.20,23.63,10277.02,23.54,10881.05,23.60
117000,0,10808.72,23.63,10278.60,23.54,10881.71,23.60
118000,0,10809.49,23.63,10278.60,23.54,10881.74,23.60
119000,0,10809.60,23.63,10278.58,23.54,10881.50,23.60
120000,0,10809.73,23.63,10279.08,23.54,10881.02,23.60
121000,0,10810.36,23.62,10278.98,23.54,10880.97,23.60
122000,0,10810.68,23.62,10279.78,23.54,10880.46,23.60
123000,0,10811.66,23.62,10280.11,23.54,10880.73,23.60
124000,0,10811.69,23.62,10280.83,23.53,10880.76,23.60
125000,0,10812.29,23.62,10280.83,23.53,10881.32,23.60
126000,0,10813.19,23.62,10281.92,23.53,10882.06,23.59
127000,0,10813.38,23.62,10282.09,23.53,10883.21,23.59
128000,0,10813.75,23.62,10282.82,23.53,10883.15,23.59
129000,0,10814.17,23.62,10282.92,23.53,10884.03,23.59
130000,0,10814.30,23.62,10283.22,23.53,10884.40,23.59
131000,0,10814.22,23.62,10283.97,23.53,10885.04,23.59
132000,0,10814.70,23.62,10284.70,23.53,10885.60,23.59
133000,0,10814.06,23.62,10284.80,23.53,10885.36,23.59
134000,0,10815.09,23.61,10284.73,23.53,10885.66,23.59
135000,0,10815.07,23.61,10285.18,23.53,10885.36,23.59
136000,0,10816.07,23.61,10285.81,23.52,10886.32,23.59
137000,0,10817.21,23.61,10286.81,23.52,10887.38,23.58
138000,0,10817.08,23.61,10286.38,23.52,10887.81,23.58
139000,0,10818.03,23.61,10286.48,23.52,10886.77,23.58
140000,0,10818.09,23.61,10286.81,23.52,10887.49,23.58
141000,0,10818.67,23.61,10286.96,23.52,10886.51,23.59
142000,0,10819.99,23.60,10287.74,23.52,10886.93,23.58
143000,0,10818.00,23.61,10288.04,23.52,10887.57,23.58
144000,0,10818.22,23.61,10287.01,23.52,10886.43,23.59
145000,0,10817.77,23.61,10286.86,23.52,10886.05,23.59
146000,0,10817.29,23.61,10285.63,23.52,10885.26,23.59
147000,0,10814.86,23.61,10283.70,23.53,10884.48,23.59
148000,0,10813.80,23.62,10280.48,23.54,10883.82,23.59
149000,0,10812.45,23.62,10278.93,23.54,10882.27,23.59
150000,0,10811.82,23.62,10275.61,23.55,10880.78,23.60
151000,0,10811.08,23.62,10275.76,23.55,10879.59,23.60
152000,0,10810.10,23.62,10275.76,23.55,10877.54,23.60
153000,0,10809.25,23.63,10273.53,23.55,10876.45,23.61
154000,0,10808.72,23.63,10273.88,23.55,10876.15,23.61
155000,0,10807.51,23.63,10273.96,23.55,10875.81,23.61
156000,0,10807.24,23.63,10273.00,23.55,10875.75,23.61
157000,0,10806.35,23.63,10272.25,23.55,10875.33,23.61
158000,0,10806.27,23.63,10271.83,23.55,10874.50,23.61
159000,0,10805.45,23.63,10270.82,23.56,10873.60,23.61
160000,0,10804.42,23.64,10270.87,23.56,10873.04,23.61
161000,0,10803.68,23.64,10269.72,23.56,10873.09,23.61
162000,0,10802.86,23.64,10270.12,23.56,10873.47,23.61
163000,0,10801.48,23.64,10268.84,23.56,10872.88,23.61
164000,0,10801.72,23.64,10269.59,23.56,10874.03,23.61
165000,0,10801.09,23.64,10271.20,23.56,10874.87,23.61
166000,0,10802.07,23.64,10271.07,23.56,10875.01,23.61
167000,0,10803.23,23.64,10270.97,23.56,10875.09,23.61
168000,0,10803.89,23.64,10271.55,23.55,10875.86,23.61
169000,0,10804.47,23.64,10272.38,23.55,10876.66,23.61
170000,0,10805.16,23.63,10273.23,23.55,10878.17,23.60
171000,0,10806.61,23.63,10274.91,23.55,10877.54,23.60
172000,0,10807.46,23.63,10275.66,23.55,10878.79,23.60
173000,0,10807.80,23.63,10275.71,23.55,10880.60,23.60
174000,0,10807.99,23.63,10277.49,23.54,10880.41,23.60
175000,0,10808.62,23.63,10277.52,23.54,10882.12,23.59
176000,0,10808.72,23.63,10277.70,23.54,10881.40,23.60
177000,0,10809.23,23.63,10278.30,23.54,10880.62,23.60
178000,0,10809.41,23.63,10278.58,23.54,10878.95,23.60
179000,0,10809.89,23.63,10277.92,23.54,10880.68,23.60
180000,0,10809.97,23.62,10278.83,23.54,10879.37,23.60
181000,0,10810.34,23.62,10280.08,23.54,10879.64,23.60
182000,0,10811.74,23.62,10281.21,23.53,10882.72,23.59
183000,0,10811.84,23.62,10281.39,23.53,10881.69,23.60
184000,0,10812.45,23.62,10282.06,23.53,10884.14,23.59
185000,0,10813.40,23.62,10283.42,23.53,10884.24,23.59
186000,0,10813.93,23.62,10285.26,23.53,10886.05,23.59
187000,0,10814.72,23.62,10285.83,23.52,10884.64,23.59
188000,0,10815.62,23.61,10286.71,23.52,10883.34,23.59
189000,0,10815.92,23.61,10286.36,23.52,10883.18,23.59
190000,0,10814.99,23.61,10285.36,23.53,10881.58,23.60
191000,0,10815.20,23.61,10284.68,23.53,10882.06,23.59
192000,0,10814.62,23.62,10283.02,23.53,10882.06,23.59
193000,0,10814.72,23.62,10283.90,23.53,10882.70,23.59
194000,0,10815.18,23.61,10285.08,23.53,10882.54,23.59
195000,0,10815.65,23.61,10285.66,23.52,10883.42,23.59
196000,0,10816.10,23.61,10288.02,23.52,10883.71,23.59
197000,0,10817.24,23.61,10287.82,23.52,10883.63,23.59
198000,0,10818.27,23.61,10288.14,23.52,10884.80,23.59
199000,0,10818.43,23.61,10288.44,23.52,10884.24,23.59
200849,849,10819.30,23.61,10288.62,23.52,10883.28,23.59
201000,0,10819.30,23.61,10287.99,23.52,10884.40,23.59
202268,268,10819.91,23.60,10288.64,23.52,10883.18,23.59
203000,0,10820.25,23.60,10289.25,23.52,10884.48,23.59
205952,1952,10824.88,23.59,10290.33,23.51,10886.83,23.58
206071,1071,10824.94,23.59,10290.83,23.51,10886.51,23.59
206190,190,10824.36,23.60,10290.78,23.51,10887.07,23.58
207000,0,10823.77,23.60,10290.51,23.51,10887.46,23.58
208000,0,10823.64,23.60,10290.71,23.51,10887.41,23.58
209000,0,10822.58,23.60,10291.31,23.51,10886.93,23.58
210000,0,10822.95,23.60,10290.71,23.51,10886.77,23.58
211000,0,10822.87,23.60,10291.03,23.51,10887.76,23.58
212115,115,10823.11,23.60,10292.01,23.51,10888.80,23.58
213000,0,10823.56,23.60,10291.33,23.51,10888.58,23.58
214000,0,10823.38,23.60,10291.56,23.51,10888.69,23.58
215000,0,10823.19,23.60,10290.88,23.51,10887.84,23.58
216000,0,10823.19,23.60,10291.41,23.51,10887.55,23.58
# Heater is now turned ON
219518,2518,10821.00,23.60,10290.66,23.51,10885.02,23.59
219637,1637,10820.39,23.60,10289.70,23.52,10885.10,23.59
219756,756,10820.39,23.60,10289.27,23.52,10884.35,23.59
220000,0,10820.15,23.60,10289.35,23.52,10884.33,23.59
221000,0,10818.19,23.61,10287.34,23.52,10884.40,23.59
222000,0,10817.18,23.61,10286.84,23.52,10883.92,23.59
223000,0,10815.55,23.61,10285.33,23.53,10884.00,23.59
224000,0,10814.59,23.62,10285.66,23.52,10878.89,23.60
225000,0,10814.33,23.62,10284.80,23.53,10873.20,23.61
226000,0,10813.93,23.62,10283.27,23.53,10861.77,23.64
227000,0,10814.09,23.62,10282.89,23.53,10844.09,23.67
228000,0,10813.03,23.62,10282.39,23.53,10823.06,23.71
229000,0,10804.36,23.64,10278.10,23.54,10799.64,23.76
230000,0,10803.81,23.64,10275.04,23.55,10772.68,23.82
231000,0,10802.15,23.64,10273.53,23.55,10743.49,23.88
232000,0,10800.19,23.64,10268.24,23.56,10711.60,23.94
233000,0,10797.87,23.65,10263.83,23.57,10677.04,24.02
234000,0,10795.02,23.66,10256.18,23.59,10641.79,24.09
235000,0,10790.61,23.66,10249.03,23.60,10603.95,24.17
236000,0,10789.42,23.67,10239.37,23.62,10567.47,24.24
237000,0,10786.81,23.67,10232.22,23.64,10530.87,24.32
238000,0,10784.54,23.68,10224.30,23.66,10494.12,24.40
239000,0,10773.18,23.70,10214.62,23.68,10459.29,24.47
240000,0,10771.24,23.70,10203.83,23.70,10424.78,24.55
241000,0,10768.87,23.71,10193.74,23.72,10386.45,24.63
242000,0,10764.47,23.72,10181.33,23.75,10349.83,24.71
243000,0,10756.05,23.74,10168.36,23.78,10313.07,24.79
244000,0,10750.64,23.75,10155.33,23.81,10269.54,24.88
245000,0,10744.59,23.76,10140.57,23.84,10229.32,24.97
246000,0,10737.58,23.77,10125.99,23.87,10192.47,25.05
247000,0,10726.06,23.80,10110.01,23.91,10155.41,25.13
248000,0,10714.85,23.82,10095.08,23.94,10119.27,25.21
249000,0,10709.90,23.83,10078.83,23.97,10081.42,25.29
250000,0,10701.00,23.85,10063.36,24.01,10044.78,25.37
251000,0,10695.51,23.86,10046.01,24.05,10006.76,25.46
252000,0,10696.27,23.86,10028.75,24.08,9970.82,25.54
253000,0,10689.16,23.87,10011.65,24.12,9932.77,25.63
254000,0,10680.62,23.89,9992.66,24.16,9905.01,25.69
255000,0,10672.06,23.91,9974.35,24.21,9869.09,25.77
256000,0,10653.95,23.95,9955.25,24.25,9832.68,25.85
257000,0,10643.07,23.97,9936.94,24.29,9797.06,25.93
258000,0,10634.00,23.99,9917.57,24.33,9763.91,26.01
259000,0,10623.19,24.01,9899.28,24.37,9729.90,26.09
260000,0,10611.72,24.03,9881.03,24.41,9695.77,26.17
261000,0,10597.29,24.06,9860.13,24.46,9662.16,26.25
262000,0,10586.39,24.09,9841.56,24.50,9620.97,26.34
263000,0,10574.40,24.11,9821.16,24.55,9587.96,26.42
264000,0,10562.47,24.14,9802.28,24.59,9555.18,26.50
265000,0,10543.74,24.18,9783.10,24.64,9522.10,26.57
266000,0,10532.62,24.20,9764.91,24.68,9489.12,26.65
267000,0,10521.10,24.22,9746.62,24.72,9457.04,26.73
268000,0,10509.21,24.25,9727.98,24.76,9424.74,26.81
269000,0,10497.22,24.28,9709.87,24.80,9394.39,26.88
270000,0,10481.44,24.31,9690.82,24.85,9362.85,26.96
271000,0,10468.26,24.34,9671.50,24.89,9332.50,27.03
272000,0,10454.82,24.37,9650.95,24.94,9302.98,27.10
273000,0,10439.91,24.40,9630.23,24.99,9271.58,27.18
274000,0,10417.75,24.44,9608.43,25.04,9241.86,27.25
275000,0,10401.86,24.48,9586.77,25.09,9213.56,27.32
276000,0,10385.56,24.51,9567.35,25.13,9185.03,27.39
277000,0,10367.16,24.55,9547.20,25.18,9158.56,27.46
278000,0,10350.97,24.59,9527.91,25.22,9125.61,27.54
279000,0,10328.47,24.64,9507.59,25.27,9097.39,27.61
280000,0,10311.23,24.67,9485.80,25.32,9068.76,27.68
281000,0,10291.31,24.72,9463.46,25.38,9039.79,27.75
282000,0,10270.97,24.76,9443.78,25.42,9011.95,27.82
283000,0,10251.70,24.80,9422.07,25.47,8984.83,27.89
284000,0,10225.58,24.86,9399.97,25.53,8958.47,27.96
285000,0,10204.60,24.90,9377.55,25.58,8928.16,28.03
286000,0,10182.82,24.95,9355.23,25.63,8901.25,28.10
287000,0,10161.88,25.00,9333.09,25.69,8873.34,28.17
288000,0,10143.68,25.04,9310.83,25.74,8846.61,28.24
289000,0,10128.27,25.07,9288.89,25.79,8821.90,28.31
290000,0,10111.91,25.11,9267.48,25.85,8795.78,28.37
291000,0,10092.60,25.15,9247.78,25.89,8768.67,28.45
292000,0,10073.59,25.19,9227.95,25.94,8741.96,28.51
293000,0,10054.03,25.24,9207.59,25.99,8717.89,28.58
294000,0,10035.91,25.28,9187.93,26.04,8696.91,28.63
295000,0,10010.68,25.33,9169.52,26.08,8679.94,28.68
296000,0,9990.51,25.38,9152.04,26.13,8658.96,28.73
297000,0,9973.16,25.42,9134.91,26.17,8636.29,28.79
298000,0,9956.32,25.45,9117.82,26.21,8614.95,28.85
299000,0,9939.95,25.49,9101.06,26.25,8591.33,28.91
300000,0,9920.77,25.53,9083.51,26.30,8570.79,28.97
301000,0,9900.03,25.58,9065.70,26.34,8550.90,29.02
302000,0,9878.28,25.63,9047.23,26.39,8531.84,29.07
303000,0,9859.82,25.67,9028.60,26.43,8510.38,29.13
304000,0,9842.09,25.71,9007.87,26.48,8487.32,29.19
305000,0,9822.81,25.76,8988.11,26.53,8466.21,29.25
306000,0,9803.72,25.80,8969.71,26.58,8446.94,29.30
307000,0,9784.23,25.85,8953.23,26.62,8423.37,29.37
308000,0,9755.43,25.91,8934.15,26.67,8407.93,29.41
309000,0,9736.22,25.96,8916.92,26.71,8388.84,29.46
310000,0,9716.58,26.00,8898.16,26.76,8369.82,29.51
311000,0,9697.10,26.05,8879.69,26.81,8349.76,29.57
312000,0,9678.83,26.09,8861.56,26.85,8330.86,29.62
313000,0,9659.14,26.13,8842.84,26.90,8309.81,29.68
314000,0,9640.73,26.18,8823.76,26.95,8294.28,29.72
315000,0,9619.11,26.23,8804.34,27.00,8275.93,29.77
316000,0,9599.77,26.27,8786.83,27.05,8256.52,29.83
317000,0,9581.32,26.32,8769.87,27.09,8237.82,29.88
318000,0,9563.12,26.36,8751.72,27.14,8219.53,29.93
319000,0,9543.38,26.41,8734.67,27.18,8203.70,29.97
320000,0,9524.54,26.45,8717.48,27.22,8186.36,30.02
321000,0,9505.55,26.50,8701.12,27.27,8168.11,30.07
322000,0,9478.76,26.56,8682.63,27.32,8143.26,30.14
323000,0,9457.80,26.61,8664.90,27.36,8118.98,30.21
324000,0,9437.37,26.66,8645.31,27.41,8097.36,30.27
325000,0,9417.56,26.70,8626.49,27.46,8075.98,30.34
326000,0,9396.57,26.76,8607.21,27.51,8054.60,30.40
327000,0,9376.17,26.80,8589.50,27.56,8036.54,30.45
328000,0,9353.03,26.86,8571.78,27.61,8019.61,30.50
329000,0,9334.71,26.90,8555.03,27.65,8002.64,30.55
330000,0,9316.45,26.95,8538.53,27.70,7983.18,30.60
331000,0,9297.71,26.99,8522.81,27.74,7966.20,30.65
332000,0,9279.79,27.04,8504.21,27.79,7949.76,30.70
333000,0,9261.59,27.08,8487.63,27.83,7933.51,30.75
334000,0,9244.05,27.13,8465.77,27.89,7918.35,30.79
335000,0,9223.82,27.17,8448.54,27.94,7902.88,30.84
336000,0,9202.41,27.23,8433.15,27.98,7885.63,30.89
337000,0,9184.72,27.27,8417.30,28.02,7865.15,30.95
338000,0,9166.04,27.32,8401.21,28.06,7845.12,31.01
339000,0,9148.70,27.36,8385.45,28.11,7829.78,31.05
340000,0,9130.95,27.40,8369.56,28.15,7815.20,31.10
341000,0,9112.78,27.45,8354.58,28.19,7801.30,31.14
342000,0,9097.30,27.49,8340.29,28.23,7788.81,31.18
343000,0,9082.40,27.52,8326.04,28.27,7777.83,31.21
344000,0,9069.07,27.56,8311.19,28.31,7763.74,31.25
345000,0,9051.66,27.60,8295.46,28.35,7746.65,31.30
346000,0,9033.53,27.65,8279.11,28.40,7728.31,31.36
347000,0,9016.43,27.69,8263.40,28.44,7712.31,31.40
348000,0,8999.52,27.73,8245.64,28.49,7694.67,31.46
349000,0,8982.94,27.78,8231.80,28.53,7681.63,31.50
350000,0,8966.13,27.82,8216.45,28.57,7665.82,31.55
351000,0,8943.98,27.87,8200.64,28.62,7650.29,31.59
352000,0,8926.54,27.92,8185.71,28.66,7636.25,31.64
353000,0,8909.96,27.96,8171.82,28.70,7620.96,31.68
354000,0,8891.79,28.01,8156.83,28.74,7601.67,31.74
355000,0,8875.34,28.05,8142.13,28.78,7584.80,31.79
356000,0,8857.02,28.10,8127.20,28.82,7569.73,31.84
357000,0,8841.24,28.14,8112.15,28.86,7553.26,31.89
358000,0,8822.73,28.18,8096.78,28.91,7536.31,31.94
359000,0,8803.97,28.23,8080.47,28.95,7519.13,32.00
360000,0,8787.33,28.28,8064.50,29.00,7502.16,32.05
361000,0,8770.73,28.32,8049.41,29.04,7488.63,32.09
362000,0,8755.41,28.36,8034.81,29.08,7475.29,32.13
363000,0,8741.12,28.40,8021.69,29.12,7460.86,32.18
364000,0,8724.22,28.44,8007.73,29.16,7445.48,32.23
365000,0,8709.27,28.48,7993.67,29.20,7432.49,32.27
366000,0,8693.63,28.52,7977.87,29.25,7420.49,32.31
367000,0,8672.28,28.58,7962.91,29.29,7405.60,32.35
368000,0,8656.61,28.62,7945.85,29.34,7387.58,32.41
369000,0,8642.42,28.66,7929.57,29.39,7368.34,32.47
370000,0,8628.54,28.69,7916.29,29.42,7355.39,32.51
371000,0,8614.68,28.73,7904.92,29.46,7345.15,32.54
372000,0,8601.21,28.77,7894.10,29.49,7330.82,32.59
373000,0,8585.47,28.81,7882.31,29.52,7321.61,32.62
374000,0,8570.22,28.85,7869.94,29.56,7309.20,32.66
375000,0,8555.24,28.89,7857.18,29.60,7294.49,32.71
376000,0,8543.92,28.92,7844.95,29.63,7282.54,32.75
377000,0,8533.06,28.95,7832.79,29.67,7270.66,32.78
378000,0,8521.32,28.98,7820.74,29.70,7257.69,32.83
379000,0,8509.69,29.01,7809.89,29.74,7242.92,32.87
380000,0,8497.78,29.04,7796.83,29.77,7228.05,32.92
381000,0,8485.32,29.08,7783.66,29.81,7210.35,32.98
382000,0,8473.35,29.11,7768.42,29.86,7199.21,33.02
383000,0,8462.11,29.14,7754.19,29.90,7185.35,33.06
384000,0,8443.51,29.19,7740.12,29.94,7172.51,33.10
385000,0,8431.74,29.22,7725.97,29.98,7158.08,33.15
386000,0,8421.61,29.25,7713.27,30.02,7144.22,33.20
387000,0,8410.84,29.28,7699.98,30.06,7133.25,33.23
388000,0,8397.30,29.32,7686.32,30.10,7124.69,33.26
389000,0,8382.65,29.36,7672.49,30.14,7111.47,33.30
390000,0,8366.28,29.40,7656.70,30.19,7092.21,33.37
391000,0,8348.55,29.45,7641.38,30.24,7073.91,33.43
392000,0,8328.60,29.50,7627.01,30.28,7059.25,33.48
393000,0,8313.52,29.55,7613.44,30.32,7045.26,33.53
394000,0,8298.57,29.59,7599.61,30.37,7032.64,33.57
395000,0,8283.07,29.63,7587.86,30.40,7023.23,33.60
396000,0,8267.55,29.67,7576.21,30.44,7011.22,33.64
397000,0,8252.03,29.72,7562.61,30.48,6997.10,33.69
398000,0,8236.16,29.76,7547.49,30.52,6980.93,33.74
399000,0,8220.99,29.80,7533.08,30.57,6965.90,33.79
400000,0,8201.25,29.86,7518.72,30.61,6953.26,33.84
401000,0,8184.16,29.91,7505.71,30.65,6940.35,33.88
402000,0,8169.82,29.95,7491.64,30.70,6929.40,33.92
403000,0,8157.26,29.98,7478.69,30.74,6919.08,33.95
404000,0,8144.57,30.02,7467.64,30.77,6912.53,33.98
405000,0,8131.03,30.06,7456.77,30.80,6904.92,34.00
406000,0,8119.20,30.09,7446.06,30.84,6894.03,34.04
407000,0,8107.80,30.12,7435.48,30.87,6881.74,34.08
408000,0,8094.78,30.16,7423.57,30.91,6866.98,34.13
409000,0,8081.28,30.20,7412.13,30.94,6848.09,34.20
410000,0,8071.51,30.23,7400.72,30.98,6835.94,34.24
411000,0,8061.33,30.26,7390.89,31.01,6828.54,34.26
412000,0,8048.36,30.29,7380.91,31.04,6820.10,34.29
413000,0,8034.81,30.33,7371.49,31.07,6810.22,34.33
414000,0,8022.01,30.37,7361.42,31.10,6803.32,34.35
415000,0,8008.76,30.41,7351.97,31.13,6797.79,34.37
416000,0,7998.29,30.44,7342.47,31.16,6788.37,34.40
417000,0,7986.87,30.47,7332.27,31.20,6782.16,34.43
418000,0,7974.14,30.51,7321.04,31.23,6773.92,34.46
419000,0,7961.10,30.55,7311.70,31.26,6764.17,34.49
420000,0,7950.00,30.58,7302.60,31.29,6753.86,34.53
421000,0,7937.09,30.62,7292.01,31.32,6742.07,34.57
422000,0,7919.90,30.67,7279.80,31.36,6729.55,34.61
423000,0,7906.86,30.70,7268.51,31.40,6716.87,34.66
424000,0,7893.99,30.74,7262.89,31.42,6702.55,34.71
425000,0,7879.61,30.78,7249.20,31.46,6690.86,34.75
426000,0,7866.69,30.82,7238.17,31.50,6680.11,34.79
427000,0,7855.16,30.86,7227.08,31.53,6670.92,34.82
428000,0,7843.53,30.89,7217.26,31.56,6664.31,34.84
429000,0,7833.85,30.92,7209.94,31.59,6658.97,34.86
430000,0,7823.63,30.95,7200.63,31.62,6649.49,34.90
431000,0,7812.70,30.98,7188.97,31.65,6640.60,34.93
432000,0,7801.96,31.01,7179.31,31.69,6627.41,34.98
433000,0,7788.41,31.05,7168.10,31.72,6616.58,35.01
434000,0,7782.00,31.07,7156.10,31.76,6606.81,35.05
435000,0,7772.91,31.10,7141.26,31.81,6598.21,35.08
436000,0,7763.80,31.13,7131.06,31.84,6593.30,35.10
437000,0,7754.56,31.15,7122.68,31.87,6585.95,35.13
438000,0,7743.12,31.19,7109.99,31.91,6576.93,35.16
439000,0,7732.65,31.22,7098.18,31.95,6568.82,35.19
440000,0,7720.97,31.26,7088.03,31.99,6560.50,35.22
441000,0,7708.63,31.29,7078.26,32.02,6552.20,35.25
442000,0,7696.70,31.33,7069.61,32.05,6544.67,35.28
443000,0,7684.45,31.37,7061.73,32.07,6532.80,35.32
444000,0,7672.51,31.40,7051.24,32.11,6523.93,35.35
445000,0,7653.85,31.46,7045.90,32.12,6512.91,35.39
446000,0,7641.62,31.50,7037.04,32.15,6502.78,35.43
447000,0,7630.52,31.53,7027.30,32.19,6491.51,35.47
448000,0,7619.44,31.56,7017.57,32.22,6481.99,35.51
449000,0,7609.39,31.59,7009.04,32.25,6473.65,35.54
450000,0,7598.00,31.63,7001.80,32.27,6463.57,35.57
451000,0,7588.12,31.66,6993.44,32.30,6454.31,35.61
452000,0,7577.74,31.69,6984.70,32.33,6444.50,35.64
453000,0,7569.28,31.72,6973.28,32.37,6433.35,35.69
454000,0,7562.33,31.74,6961.63,32.41,6425.56,35.71
455000,0,7553.93,31.77,6954.70,32.43,6416.16,35.75
456000,0,7540.85,31.81,6948.73,32.45,6404.33,35.79
457000,0,7530.46,31.84,6941.63,32.47,6398.18,35.82
458000,0,7520.76,31.87,6934.77,32.50,6392.49,35.84
459000,0,7513.16,31.89,6927.77,32.52,6386.20,35.86
460000,0,7507.58,31.91,6920.57,32.54,6378.43,35.89
461000,0,7498.72,31.94,6914.98,32.56,6372.41,35.91
462000,0,7491.04,31.96,6908.69,32.59,6366.21,35.94
463000,0,7481.60,31.99,6902.43,32.61,6361.04,35.96
464000,0,7469.68,32.03,6894.15,32.63,6354.51,35.98
465000,0,7456.52,32.07,6885.34,32.66,6345.55,36.01
466000,0,7443.33,32.11,6874.82,32.70,6336.15,36.05
467000,0,7432.38,32.14,6866.44,32.73,6327.96,36.08
468000,0,7421.63,32.18,6859.05,32.75,6321.29,36.11
469000,0,7413.27,32.20,6851.97,32.78,6314.74,36.13
470000,0,7405.84,32.23,6842.84,32.81,6308.67,36.15
471000,0,7392.83,32.27,6830.51,32.85,6301.14,36.18
472000,0,7382.75,32.30,6819.71,32.89,6292.85,36.22
473000,0,7372.56,32.33,6810.40,32.92,6285.52,36.24
474000,0,7361.33,32.37,6802.06,32.95,6277.05,36.28
475000,0,7350.70,32.40,6795.02,32.97,6269.79,36.30
476000,0,7340.77,32.43,6787.65,33.00,6259.75,36.34
477000,0,7334.69,32.45,6780.75,33.02,6252.11,36.37
478000,0,7327.34,32.48,6772.97,33.05,6243.37,36.40
479000,0,7320.54,32.50,6765.78,33.08,6236.08,36.43
480000,0,7310.79,32.53,6756.74,33.11,6231.29,36.45
481000,0,7302.82,32.56,6749.63,33.13,6223.68,36.48
482000,0,7295.53,32.58,6742.44,33.16,6215.99,36.51
483000,0,7287.94,32.60,6733.69,33.19,6213.09,36.52
484000,0,7280.97,32.63,6728.95,33.20,6207.20,36.54
485000,0,7276.29,32.64,6723.92,33.22,6202.54,36.56
486000,0,7267.42,32.67,6717.55,33.24,6198.10,36.58
487000,0,7258.51,32.70,6710.58,33.27,6192.05,36.60
488000,0,7250.42,32.73,6704.12,33.29,6183.91,36.64
489000,0,7243.97,32.75,6696.90,33.32,6179.77,36.65
490000,0,7238.13,32.77,6690.85,33.34,6174.77,36.67
491000,0,7231.77,32.79,6685.15,33.36,6169.27,36.69
492000,0,7222.33,32.82,6679.58,33.38,6163.50,36.71
493000,0,7211.29,32.85,6671.81,33.41,6159.07,36.73
494000,0,7199.75,32.89,6662.70,33.44,6151.76,36.76
495000,0,7189.66,32.92,6653.45,33.47,6141.78,36.80
496000,0,7178.39,32.96,6643.62,33.51,6128.64,36.85
497000,0,7167.34,33.00,6635.36,33.54,6119.88,36.89
498000,0,7157.18,33.03,6626.02,33.57,6114.71,36.91
499000,0,7146.37,33.07,6618.21,33.60,6106.88,36.94
500000,0,7135.17,33.10,6612.42,33.62,6099.76,36.97
501000,0,7125.85,33.13,6605.95,33.64,6093.75,36.99
502000,0,7119.78,33.15,6599.41,33.66,6088.50,37.01
503000,0,7114.13,33.17,6593.82,33.68,6081.30,37.04
504000,0,7108.15,33.19,6587.12,33.71,6073.55,37.07
505000,0,7100.68,33.22,6577.91,33.74,6063.32,37.11
506000,0,7090.92,33.25,6567.56,33.78,6056.29,37.14
507000,0,7083.99,33.27,6561.10,33.80,6053.27,37.15
508000,0,7078.15,33.29,6553.92,33.83,6045.89,37.18
509000,0,7070.89,33.32,6548.10,33.85,6038.82,37.21
510000,0,7063.56,33.34,6541.22,33.87,6035.24,37.22
511000,0,7055.85,33.37,6536.27,33.89,6030.47,37.24
512000,0,7048.43,33.39,6530.67,33.91,6022.10,37.28
513000,0,7038.88,33.42,6521.37,33.94,6013.60,37.31
514000,0,7029.10,33.46,6511.38,33.98,6003.02,37.35
515000,0,7023.10,33.48,6503.13,34.01,5995.82,37.38
516000,0,7015.87,33.50,6494.37,34.04,5985.11,37.42
517000,0,7006.07,33.53,6483.53,34.08,5981.90,37.44
518000,0,6996.84,33.56,6476.95,34.11,5980.98,37.44
519000,0,6987.75,33.59,6470.94,34.13,5978.27,37.45
520000,0,6977.06,33.63,6464.91,34.15,5973.32,37.47
521000,0,6967.97,33.66,6458.13,34.18,5963.88,37.51
522000,0,6958.80,33.69,6450.50,34.20,5959.75,37.53
523000,0,6951.22,33.72,6446.48,34.22,5958.58,37.53
524000,0,6945.12,33.74,6442.64,34.23,5956.09,37.54
525000,0,6941.11,33.75,6441.05,34.24,5950.67,37.56
526000,0,6936.22,33.77,6434.67,34.26,5942.51,37.60
527000,0,6929.96,33.79,6429.73,34.28,5934.43,37.63
528000,0,6924.83,33.81,6423.04,34.30,5927.88,37.66
529000,0,6915.48,33.84,6415.75,34.33,5920.39,37.69
530000,0,6906.41,33.87,6408.76,34.36,5915.13,37.71
531000,0,6897.32,33.90,6401.99,34.38,5912.67,37.72
532000,0,6890.42,33.93,6396.94,34.40,5910.21,37.73
533000,0,6884.97,33.94,6391.39,34.42,5903.39,37.76
534000,0,6874.73,33.98,6385.10,34.45,5897.26,37.78
535000,0,6868.35,34.00,6377.60,34.47,5892.32,37.80
536000,0,6861.95,34.02,6371.51,34.50,5888.44,37.82
537000,0,6856.88,34.04,6366.81,34.51,5883.82,37.84
538000,0,6852.20,34.06,6364.18,34.52,5881.28,37.85
539000,0,6846.19,34.08,6360.54,34.54,5876.51,37.87
540000,0,6839.59,34.10,6357.91,34.55,5871.20,37.89
541000,0,6833.24,34.12,6356.16,34.55,5865.50,37.91
542000,0,6826.86,34.15,6354.97,34.56,5860.41,37.93
543000,0,6821.48,34.16,6352.94,34.57,5855.30,37.96
544000,0,6816.39,34.18,6350.72,34.57,5853.72,37.96
545000,0,6810.22,34.20,6347.25,34.59,5852.40,37.97
546000,0,6804.75,34.22,6344.08,34.60,5850.49,37.98
547000,0,6799.08,34.24,6342.29,34.61,5850.06,37.98
548000,0,6793.81,34.26,6341.26,34.61,5846.33,37.99
549000,0,6788.85,34.28,6336.90,34.63,5839.25,38.02
550000,0,6786.17,34.29,6332.91,34.64,5834.57,38.04
551000,0,6782.32,34.30,6329.96,34.65,5830.45,38.06
552000,0,6778.24,34.32,6325.99,34.67,5826.94,38.07
553000,0,6771.79,34.34,6320.54,34.69,5822.01,38.09
554000,0,6766.98,34.35,6315.67,34.71,5813.75,38.13
555000,0,6764.30,34.36,6309.75,34.73,5807.68,38.15
556000,0,6760.84,34.38,6302.58,34.75,5798.69,38.19
557000,0,6758.82,34.38,6296.85,34.78,5791.71,38.22
558000,0,6755.68,34.39,6291.44,34.80,5786.73,38.24
559000,0,6752.25,34.41,6286.03,34.82,5778.60,38.28
560000,0,6746.76,34.43,6279.64,34.84,5769.38,38.32
561000,0,6742.24,34.44,6275.44,34.86,5763.49,38.34
562000,0,6735.98,34.46,6267.00,34.89,5757.35,38.37
563000,0,6730.29,34.48,6256.36,34.93,5752.49,38.39
564000,0,6726.56,34.50,6249.04,34.96,5748.52,38.40
565000,0,6721.12,34.52,6242.16,34.98,5741.02,38.44
566000,0,6714.24,34.54,6232.11,35.02,5730.08,38.48
567000,0,6704.82,34.57,6219.89,35.07,5717.07,38.54
568000,0,6691.53,34.62,6208.96,35.11,5705.03,38.59
569000,0,6679.26,34.66,6199.75,35.15,5692.38,38.64
570000,0,6669.38,34.70,6191.68,35.18,5680.69,38.69
571000,0,6661.06,34.73,6185.62,35.20,5671.65,38.73
572000,0,6651.93,34.76,6180.52,35.22,5663.62,38.77
573000,0,6644.82,34.79,6176.54,35.24,5658.95,38.79
574000,0,6640.06,34.80,6173.28,35.25,5657.78,38.79
575000,0,6636.54,34.82,6168.88,35.27,5653.01,38.81
576000,0,6631.02,34.84,6165.01,35.28,5648.97,38.83
577000,0,6623.97,34.86,6158.64,35.31,5643.23,38.85
578000,0,6618.21,34.88,6153.92,35.32,5645.65,38.84
579000,0,6615.20,34.89,6153.05,35.33,5651.30,38.82
580000,0,6614.12,34.90,6151.53,35.33,5653.86,38.81
581000,0,6611.98,34.91,6147.23,35.35,5653.47,38.81
582000,0,6606.86,34.92,6140.63,35.38,5651.79,38.82
583000,0,6600.87,34.95,6133.42,35.40,5645.88,38.84
584000,0,6591.59,34.98,6125.94,35.43,5639.72,38.87
585000,0,6583.43,35.01,6118.46,35.46,5632.63,38.90
586000,0,6577.59,35.03,6111.01,35.49,5625.91,38.93
587000,0,6569.74,35.06,6102.16,35.53,5618.31,38.96
588000,0,6560.23,35.09,6093.91,35.56,5608.85,39.00
589000,0,6551.53,35.12,6085.42,35.59,5601.95,39.03
590000,0,6546.25,35.14,6080.83,35.61,5604.05,39.03
591000,0,6542.74,35.16,6078.99,35.62,5604.48,39.02
592000,0,6541.30,35.16,6074.12,35.64,5604.34,39.02
593000,0,6538.19,35.17,6072.23,35.64,5605.53,39.02
594000,0,6534.19,35.19,6070.00,35.65,5606.45,39.01
595000,0,6531.65,35.20,6068.73,35.66,5608.64,39.01
596000,0,6530.32,35.20,6069.45,35.65,5611.45,38.99
597000,0,6526.70,35.22,6066.93,35.66,5611.87,38.99
598000,0,6520.55,35.24,6061.21,35.69,5608.06,39.01
599000,0,6515.29,35.26,6055.34,35.71,5602.01,39.03
600000,0,6509.96,35.28,6049.99,35.73,5595.94,39.06
601000,0,6504.44,35.30,6045.89,35.75,5593.47,39.07
602000,0,6499.88,35.31,6042.97,35.76,5593.22,39.07
603000,0,6496.50,35.33,6040.83,35.77,5591.81,39.08
604000,0,6493.16,35.34,6038.71,35.78,5591.07,39.08
605000,0,6489.80,35.35,6037.77,35.78,5591.94,39.08
606000,0,6487.27,35.36,6035.18,35.79,5589.81,39.09
607000,0,6483.42,35.37,6030.30,35.81,5585.11,39.11
608000,0,6478.01,35.39,6027.06,35.82,5583.68,39.11
609000,0,6474.15,35.41,6024.58,35.83,5581.75,39.12
610000,0,6469.96,35.42,6021.19,35.85,5579.77,39.13
611000,0,6464.78,35.44,6016.35,35.86,5575.67,39.15
612000,0,6458.68,35.47,6011.75,35.88,5572.48,39.16
613000,0,6453.37,35.48,6005.35,35.91,5567.81,39.18
614000,0,6446.93,35.51,5999.24,35.93,5565.47,39.19
615000,0,6441.19,35.53,5992.78,35.96,5562.99,39.21
616000,0,6436.06,35.55,5987.33,35.98,5557.06,39.23
617000,0,6429.49,35.57,5980.58,36.01,5551.48,39.26
618000,0,6422.18,35.60,5972.62,36.04,5542.79,39.29
619000,0,6415.21,35.63,5966.03,36.07,5534.23,39.33
620000,0,6407.96,35.65,5960.85,36.09,5524.64,39.37
621000,0,6398.73,35.69,5953.90,36.12,5512.49,39.43
622000,0,6391.46,35.72,5946.33,36.15,5501.83,39.48
623000,0,6383.56,35.75,5938.43,36.18,5492.16,39.52
624000,0,6376.09,35.77,5934.06,36.20,5488.73,39.53
625000,0,6372.72,35.79,5932.59,36.20,5487.32,39.54
626000,0,6370.30,35.80,5931.83,36.20,5487.69,39.54
627000,0,6367.27,35.81,5930.35,36.21,5483.79,39.56
628000,0,6362.82,35.82,5925.79,36.23,5477.75,39.58
629000,0,6357.99,35.84,5920.43,36.25,5471.61,39.61
630000,0,6352.05,35.86,5913.88,36.28,5463.64,39.65
631000,0,6346.45,35.88,5906.67,36.31,5453.77,39.69
632000,0,6342.23,35.90,5901.18,36.33,5443.60,39.74
633000,0,6337.99,35.92,5898.49,36.34,5438.45,39.76
634000,0,6332.22,35.94,5895.61,36.35,5433.18,39.78
635000,0,6327.39,35.96,5888.67,36.38,5424.75,39.82
636000,0,6320.36,35.98,5880.40,36.41,5417.77,39.85
637000,0,6312.63,36.01,5872.19,36.45,5413.91,39.87
638000,0,6303.73,36.05,5865.76,36.47,5411.20,39.88
639000,0,6299.16,36.06,5864.04,36.48,5405.17,39.91
640000,0,6296.19,36.08,5862.64,36.49,5400.90,39.93
641000,0,6294.18,36.08,5859.11,36.50,5399.42,39.94
642000,0,6295.62,36.08,5856.24,36.51,5396.17,39.95
643000,0,6297.36,36.07,5853.34,36.52,5390.76,39.98
644000,0,6293.53,36.09,5849.18,36.54,5388.16,39.99
645000,0,6287.68,36.11,5845.43,36.56,5384.92,40.00
646000,0,6282.96,36.13,5838.76,36.58,5382.26,40.02
647000,0,6279.51,36.14,5834.46,36.60,5378.71,40.03
648000,0,6276.65,36.15,5834.45,36.60,5378.16,40.03
649000,0,6274.87,36.16,5834.55,36.60,5376.66,40.04
650000,0,6271.64,36.17,5836.82,36.59,5376.25,40.04
651000,0,6270.10,36.18,5839.06,36.58,5378.02,40.04
652000,0,6269.46,36.18,5838.86,36.58,5379.17,40.03
653000,0,6267.84,36.18,5838.49,36.59,5381.48,40.02
654000,0,6263.67,36.20,5839.47,36.58,5385.18,40.00
655000,0,6261.83,36.21,5839.85,36.58,5387.97,39.99
656000,0,6258.77,36.22,5839.70,36.58,5387.52,39.99
657000,0,6256.51,36.23,5838.98,36.58,5384.89,40.00
658000,0,6252.06,36.24,5837.54,36.59,5382.98,40.01
659000,0,6248.93,36.26,5833.65,36.61,5380.38,40.02
660000,0,6245.00,36.27,5831.34,36.62,5378.32,40.03
661000,0,6241.21,36.29,5828.76,36.63,5376.20,40.04
662000,0,6238.56,36.30,5824.44,36.64,5372.00,40.06
663000,0,6237.35,36.30,5821.36,36.66,5367.02,40.09
664000,0,6234.70,36.31,5818.58,36.67,5360.96,40.11
665000,0,6232.62,36.32,5814.21,36.69,5356.31,40.14
666000,0,6229.34,36.33,5810.58,36.70,5353.14,40.15
667000,0,6227.27,36.34,5808.53,36.71,5350.73,40.16
668000,0,6225.02,36.35,5805.39,36.72,5347.27,40.18
669000,0,6222.82,36.36,5803.10,36.73,5345.51,40.18
670000,0,6220.12,36.37,5801.52,36.74,5342.73,40.20
671000,0,6217.23,36.38,5800.09,36.74,5340.48,40.21
672000,0,6214.87,36.39,5799.25,36.75,5338.39,40.22
673000,0,6211.92,36.40,5797.79,36.75,5335.08,40.23
674000,0,6209.17,36.41,5795.82,36.76,5334.27,40.24
675000,0,6206.08,36.42,5793.81,36.77,5331.06,40.25
676000,0,6201.14,36.44,5790.40,36.79,5327.67,40.27
677000,0,6198.72,36.45,5785.82,36.80,5325.37,40.28
678000,0,6195.39,36.46,5781.99,36.82,5323.37,40.29
679000,0,6192.61,36.47,5777.29,36.84,5317.23,40.32
680000,0,6188.96,36.49,5772.80,36.86,5312.58,40.34
681000,0,6185.43,36.50,5768.68,36.88,5310.40,40.35
682000,0,6183.09,36.51,5765.33,36.89,5309.55,40.35
683000,0,6180.71,36.52,5763.62,36.90,5309.90,40.35
684000,0,6177.83,36.53,5763.30,36.90,5310.74,40.35
685000,0,6175.28,36.54,5763.60,36.90,5311.26,40.34
686000,0,6171.68,36.56,5761.89,36.90,5310.06,40.35
687000,0,6166.40,36.58,5757.57,36.92,5306.22,40.37
688000,0,6161.39,36.60,5752.78,36.94,5300.96,40.39
689000,0,6157.44,36.61,5748.61,36.96,5294.56,40.42
690000,0,6153.41,36.63,5745.15,36.97,5290.44,40.44
691000,0,6150.93,36.64,5739.90,37.00,5287.68,40.45
692000,0,6147.70,36.65,5736.18,37.01,5287.44,40.45
693000,0,6144.58,36.66,5733.26,37.02,5289.22,40.45
694000,0,6141.63,36.67,5731.33,37.03,5289.30,40.45
695000,0,6139.01,36.68,5731.10,37.03,5286.84,40.46
696000,0,6137.61,36.69,5729.52,37.04,5280.35,40.49
697000,0,6135.40,36.70,5728.26,37.05,5276.22,40.51
698000,0,6132.91,36.71,5725.62,37.06,5272.31,40.53
699000,0,6128.95,36.72,5723.69,37.06,5266.04,40.55
700000,0,6125.81,36.74,5721.76,37.07,5261.12,40.58
701000,0,6124.44,36.74,5718.44,37.09,5264.15,40.56
702000,0,6122.35,36.75,5715.73,37.10,5267.15,40.55
703000,0,6119.19,36.76,5713.87,37.11,5269.26,40.54
704000,0,6116.69,36.77,5711.73,37.12,5268.04,40.55
705000,0,6114.09,36.78,5711.46,37.12,5264.62,40.56
706000,0,6111.57,36.79,5712.33,37.11,5264.98,40.56
707000,0,6109.43,36.80,5714.40,37.10,5266.73,40.55
708000,0,6105.98,36.81,5715.44,37.10,5265.76,40.56
709000,0,6103.00,36.83,5712.71,37.11,5263.03,40.57
710000,0,6099.27,36.84,5709.40,37.13,5260.26,40.58
711000,0,6094.73,36.86,5704.58,37.15,5256.12,40.60
712000,0,6092.24,36.87,5703.42,37.15,5249.62,40.63
713000,0,6090.76,36.87,5701.40,37.16,5246.64,40.65
714000,0,6090.16,36.88,5697.64,37.17,5245.86,40.65
715000,0,6089.46,36.88,5694.38,37.19,5243.35,40.66
716000,0,6089.73,36.88,5693.69,37.19,5243.25,40.66
717000,0,6090.24,36.88,5692.36,37.20,5242.23,40.67
718000,0,6088.42,36.88,5691.58,37.20,5239.86,40.68
719000,0,6086.57,36.89,5689.34,37.21,5236.97,40.69
720000,0,6085.07,36.90,5685.27,37.23,5235.99,40.70
721000,0,6083.19,36.90,5682.21,37.24,5235.37,40.70
722000,0,6080.60,36.91,5678.67,37.26,5234.25,40.70
723000,0,6076.47,36.93,5672.40,37.28,5229.94,40.72
724000,0,6072.37,36.95,5665.59,37.31,5226.95,40.74
725000,0,6069.55,36.96,5661.04,37.33,5220.93,40.77
726000,0,6066.43,36.97,5657.34,37.35,5215.54,40.79
727000,0,6064.02,36.98,5655.16,37.36,5212.56,40.81
728000,0,6063.20,36.98,5653.89,37.36,5209.95,40.82
729000,0,6060.65,36.99,5650.91,37.37,5207.59,40.83
730000,0,6057.00,37.01,5645.82,37.40,5203.68,40.85
731000,0,6053.09,37.02,5638.23,37.43,5199.53,40.87
732000,0,6047.87,37.04,5633.47,37.45,5192.05,40.90
733000,0,6045.06,37.06,5631.44,37.46,5186.60,40.93
734000,0,6043.16,37.06,5627.38,37.48,5184.02,40.94
735000,0,6039.94,37.08,5623.24,37.49,5181.10,40.96
736000,0,6038.27,37.08,5623.27,37.49,5181.83,40.95
737000,0,6036.41,37.09,5624.14,37.49,5180.89,40.96
738000,0,6035.34,37.09,5624.81,37.49,5178.85,40.97
739000,0,6034.68,37.10,5624.55,37.49,5175.44,40.98
740000,0,6035.70,37.09,5624.30,37.49,5174.46,40.99
741000,0,6034.54,37.10,5624.82,37.49,5175.21,40.98
742000,0,6035.71,37.09,5627.61,37.47,5178.50,40.97
743000,0,6042.03,37.07,5634.04,37.45,5185.83,40.93
744000,0,6047.68,37.05,5638.72,37.43,5192.08,40.90
745000,0,6053.42,37.02,5643.84,37.40,5196.05,40.89
746000,0,6057.37,37.01,5646.97,37.39,5196.57,40.88
747000,0,6060.43,36.99,5649.43,37.38,5197.48,40.88
748000,0,6061.92,36.99,5650.43,37.38,5197.80,40.88
749000,0,6060.77,36.99,5650.31,37.38,5195.91,40.89
750000,0,6060.28,36.99,5650.90,37.37,5194.64,40.89
751000,0,6060.99,36.99,5650.17,37.38,5191.27,40.91
752000,0,6060.05,37.00,5645.43,37.40,5183.98,40.94
753000,0,6055.14,37.02,5639.71,37.42,5173.90,40.99
754000,0,6049.55,37.04,5635.21,37.44,5165.71,41.03
755000,0,6042.67,37.07,5628.32,37.47,5157.26,41.07
756000,0,6034.88,37.10,5621.59,37.50,5151.07,41.10
757000,0,6028.22,37.12,5617.76,37.52,5148.17,41.11
758000,0,6026.52,37.13,5614.23,37.53,5150.56,41.10
759000,0,6025.02,37.14,5614.84,37.53,5151.19,41.10
760000,0,6020.80,37.15,5613.28,37.54,5146.85,41.12
761000,0,6016.56,37.17,5610.72,37.55,5143.81,41.14
762000,0,6013.36,37.18,5608.12,37.56,5144.62,41.13
763000,0,6009.08,37.20,5606.94,37.56,5142.52,41.14
764000,0,6005.87,37.21,5603.39,37.58,5143.41,41.14
765000,0,6000.65,37.23,5600.39,37.59,5138.54,41.16
766000,0,5994.59,37.26,5595.34,37.61,5133.03,41.19
767000,0,5989.90,37.28,5591.54,37.63,5128.83,41.21
768000,0,5987.42,37.29,5588.06,37.65,5124.94,41.23
769000,0,5985.16,37.30,5584.51,37.66,5120.56,41.25
770000,0,5981.92,37.31,5580.76,37.68,5115.13,41.27
771000,0,5975.92,37.33,5574.27,37.70,5109.64,41.30
772000,0,5969.05,37.36,5566.80,37.74,5104.55,41.33
773000,0,5961.97,37.39,5558.85,37.77,5098.51,41.36
774000,0,5957.26,37.41,5553.43,37.80,5091.82,41.39
775000,0,5955.63,37.42,5552.79,37.80,5086.77,41.41
776000,0,5951.90,37.43,5552.28,37.80,5083.48,41.43
777000,0,5947.68,37.45,5551.35,37.80,5083.00,41.43
778000,0,5943.13,37.47,5548.60,37.82,5079.21,41.45
779000,0,5939.64,37.48,5544.00,37.84,5076.32,41.46
780000,0,5935.41,37.50,5538.25,37.86,5073.12,41.48
781000,0,5933.62,37.51,5534.31,37.88,5069.46,41.50
782000,0,5932.18,37.51,5530.28,37.90,5068.97,41.50
783000,0,5929.22,37.52,5525.17,37.92,5068.93,41.50
784000,0,5926.50,37.53,5520.42,37.94,5069.03,41.50
785000,0,5924.87,37.54,5516.14,37.96,5066.67,41.51
786000,0,5919.97,37.56,5513.18,37.97,5064.08,41.52
787000,0,5916.84,37.57,5512.16,37.98,5060.73,41.54
788000,0,5914.00,37.59,5512.00,37.98,5059.33,41.55
789000,0,5914.15,37.59,5509.87,37.99,5059.03,41.55
790000,0,5913.27,37.59,5505.78,38.01,5061.63,41.54
791000,0,5910.88,37.60,5503.15,38.02,5060.88,41.54
792000,0,5907.51,37.61,5499.54,38.03,5058.14,41.55
793000,0,5905.66,37.62,5495.95,38.05,5056.19,41.56
794000,0,5904.87,37.62,5496.77,38.04,5054.57,41.57
795000,0,5902.57,37.63,5499.48,38.03,5050.95,41.59
796000,0,5899.08,37.65,5499.98,38.03,5048.14,41.60
797000,0,5895.79,37.66,5500.11,38.03,5048.39,41.60
798000,0,5892.94,37.67,5499.98,38.03,5049.92,41.59
799000,0,5894.47,37.67,5499.85,38.03,5052.70,41.58
800000,0,5897.43,37.65,5500.39,38.03,5054.83,41.57
801000,0,5897.86,37.65,5499.19,38.03,5052.79,41.58
802000,0,5895.61,37.66,5495.23,38.05,5051.18,41.59
803000,0,5892.71,37.67,5492.64,38.06,5049.91,41.59
804000,0,5891.65,37.68,5489.80,38.08,5048.04,41.60
805000,0,5891.97,37.68,5488.96,38.08,5047.44,41.61
806000,0,5892.08,37.68,5490.24,38.07,5047.20,41.61
807000,0,5891.38,37.68,5492.81,38.06,5046.80,41.61
808000,0,5888.07,37.69,5493.81,38.06,5048.75,41.60
809000,0,5886.18,37.70,5493.09,38.06,5047.96,41.60
810000,0,5884.07,37.71,5490.88,38.07,5050.13,41.59
811000,0,5881.14,37.72,5489.06,38.08,5052.63,41.58
812000,0,5876.86,37.74,5487.73,38.08,5052.69,41.58
813000,0,5875.08,37.75,5486.38,38.09,5050.37,41.59
814000,0,5874.69,37.75,5486.11,38.09,5047.10,41.61
815000,0,5876.20,37.74,5485.59,38.09,5042.89,41.63
816000,0,5875.91,37.74,5484.53,38.10,5040.11,41.64
817000,0,5876.22,37.74,5482.93,38.11,5039.84,41.64
818000,0,5877.45,37.74,5483.19,38.11,5040.31,41.64
819000,0,5879.00,37.73,5483.60,38.10,5038.64,41.65
820000,0,5878.97,37.73,5484.04,38.10,5037.34,41.66
821000,0,5877.66,37.74,5480.75,38.12,5035.99,41.66
822000,0,5873.91,37.75,5477.46,38.13,5032.05,41.68
823000,0,5868.91,37.77,5472.78,38.15,5029.37,41.69
824000,0,5862.44,37.80,5470.50,38.16,5027.90,41.70
825000,0,5858.56,37.81,5468.08,38.17,5026.25,41.71
826000,0,5855.13,37.83,5465.55,38.18,5022.49,41.73
827000,0,5850.82,37.85,5462.60,38.20,5022.29,41.73
828000,0,5848.11,37.86,5460.97,38.20,5023.70,41.72
829000,0,5845.84,37.87,5459.95,38.21,5025.56,41.71
830000,0,5844.68,37.87,5459.63,38.21,5027.99,41.70
831000,0,5842.35,37.88,5457.66,38.22,5025.12,41.72
832000,0,5839.62,37.89,5455.14,38.23,5019.94,41.74
833000,0,5835.40,37.91,5452.38,38.24,5019.73,41.74
834000,0,5833.01,37.92,5452.15,38.24,5019.65,41.74
835000,0,5831.07,37.93,5450.85,38.25,5015.91,41.76
836000,0,5828.40,37.94,5447.95,38.26,5009.14,41.79
837000,0,5823.68,37.96,5442.55,38.29,5002.79,41.83
838000,0,5819.28,37.98,5438.14,38.31,4996.39,41.86
839000,0,5816.18,37.99,5435.84,38.32,4997.51,41.85
840000,0,5814.97,38.00,5435.80,38.32,5000.33,41.84
841000,0,5815.25,37.99,5435.97,38.32,5001.13,41.83
842000,0,5816.07,37.99,5436.26,38.31,5001.96,41.83
843000,0,5815.32,37.99,5434.79,38.32,4998.54,41.85
844000,0,5810.20,38.02,5431.36,38.34,4993.74,41.87
845000,0,5806.18,38.03,5429.43,38.34,4989.46,41.89
846000,0,5800.79,38.06,5425.80,38.36,4988.99,41.90
847000,0,5798.30,38.07,5425.64,38.36,4990.74,41.89
848000,0,5799.16,38.06,5428.06,38.35,4993.34,41.87
849000,0,5799.54,38.06,5428.08,38.35,4994.62,41.87
850000,0,5796.99,38.07,5426.50,38.36,4996.48,41.86
851000,0,5796.17,38.07,5427.13,38.36,4998.15,41.85
852000,0,5795.67,38.08,5426.57,38.36,4998.50,41.85
853000,0,5793.87,38.08,5425.42,38.36,4997.19,41.85
854000,0,5794.33,38.08,5425.01,38.36,4999.19,41.84
855000,0,5794.85,38.08,5424.77,38.37,4997.69,41.85
856000,0,5795.30,38.08,5423.81,38.37,4996.57,41.86
857000,0,5793.25,38.09,5421.59,38.38,4989.39,41.89
858000,0,5789.35,38.10,5417.84,38.40,4980.55,41.94
859000,0,5788.55,38.11,5414.74,38.41,4974.43,41.97
860000,0,5782.11,38.13,5410.37,38.43,4968.23,42.00
861000,0,5779.24,38.15,5407.82,38.44,4965.39,42.01
862000,0,5779.01,38.15,5407.36,38.44,4965.48,42.01
863000,0,5780.82,38.14,5408.79,38.44,4968.82,42.00
864000,0,5785.20,38.12,5410.98,38.43,4971.34,41.98
865000,0,5786.70,38.11,5409.79,38.43,4971.08,41.98
866000,0,5785.09,38.12,5405.91,38.45,4969.40,41.99
867000,0,5781.44,38.14,5401.02,38.47,4966.81,42.01
868000,0,5780.79,38.14,5397.11,38.49,4968.37,42.00
869000,0,5780.67,38.14,5396.54,38.49,4970.67,41.99
870000,0,5779.30,38.15,5395.57,38.50,4969.75,41.99
871000,0,5778.66,38.15,5394.87,38.50,4967.64,42.00
872000,0,5777.42,38.15,5394.40,38.50,4965.57,42.01
873000,0,5775.50,38.16,5394.55,38.50,4963.87,42.02
874000,0,5773.06,38.17,5394.43,38.50,4965.43,42.01
875000,0,5772.40,38.17,5396.28,38.49,4967.15,42.00
876000,0,5771.78,38.18,5398.03,38.49,4968.92,42.00
877000,0,5771.23,38.18,5400.12,38.48,4968.90,42.00
878000,0,5771.66,38.18,5401.07,38.47,4966.99,42.01
879000,0,5772.30,38.17,5401.25,38.47,4964.13,42.02
880000,0,5773.16,38.17,5400.12,38.48,4963.34,42.02
881000,0,5773.35,38.17,5398.53,38.48,4960.26,42.04
882000,0,5772.45,38.17,5397.47,38.49,4960.56,42.04
883000,0,5771.16,38.18,5397.64,38.49,4961.60,42.03
884000,0,5770.32,38.18,5397.11,38.49,4963.71,42.02
885000,0,5767.89,38.19,5395.50,38.50,4962.53,42.03
886000,0,5765.98,38.20,5394.63,38.50,4962.89,42.03
887000,0,5763.25,38.21,5391.99,38.51,4960.67,42.04
888000,0,5761.66,38.22,5388.94,38.53,4956.53,42.06
889000,0,5760.11,38.23,5387.77,38.53,4954.05,42.07
890000,0,5760.54,38.22,5387.13,38.54,4952.39,42.08
891000,0,5760.36,38.23,5386.49,38.54,4949.34,42.09
892000,0,5759.13,38.23,5386.51,38.54,4946.82,42.11
893000,0,5758.19,38.23,5387.87,38.53,4944.02,42.12
894000,0,5758.42,38.23,5387.38,38.53,4943.30,42.12
895000,0,5758.26,38.23,5383.04,38.55,4942.68,42.13
896000,0,5755.98,38.24,5380.11,38.57,4939.77,42.14
897000,0,5755.47,38.25,5378.55,38.57,4937.83,42.15
898000,0,5753.23,38.26,5375.48,38.59,4933.84,42.17
899000,0,5748.33,38.28,5370.64,38.61,4931.22,42.19
900000,0,5741.44,38.31,5368.60,38.62,4930.22,42.19
901000,0,5738.61,38.32,5369.13,38.62,4934.90,42.17
902000,0,5738.72,38.32,5371.42,38.61,4939.95,42.14
903000,0,5738.69,38.32,5370.61,38.61,4944.05,42.12
904000,0,5737.66,38.32,5370.83,38.61,4946.32,42.11
905000,0,5734.50,38.33,5368.64,38.62,4948.17,42.10
906000,0,5730.21,38.35,5367.08,38.63,4949.87,42.09
907000,0,5728.38,38.36,5367.38,38.63,4950.24,42.09
908000,0,5726.42,38.37,5364.79,38.64,4951.43,42.08
909000,0,5721.83,38.39,5361.00,38.65,4952.69,42.08
910000,0,5716.48,38.41,5359.58,38.66,4951.51,42.08
911000,0,5712.62,38.43,5356.29,38.68,4947.38,42.10
912000,0,5708.12,38.45,5351.14,38.70,4939.27,42.14
913000,0,5704.20,38.46,5344.46,38.73,4931.75,42.18
914000,0,5703.22,38.47,5338.44,38.76,4926.87,42.21
915000,0,5700.74,38.48,5333.14,38.78,4922.52,42.23
916000,0,5696.95,38.49,5328.51,38.80,4913.62,42.27
917000,0,5693.18,38.51,5323.39,38.83,4906.67,42.31
918000,0,5690.39,38.52,5319.73,38.84,4900.95,42.34
919000,0,5689.10,38.53,5315.57,38.86,4894.12,42.37
920000,0,5689.45,38.53,5312.69,38.88,4889.37,42.40
921000,0,5688.50,38.53,5309.27,38.89,4883.37,42.43
922000,0,5686.83,38.54,5307.25,38.90,4879.15,42.45
923000,0,5685.78,38.54,5304.89,38.91,4875.54,42.47
924000,0,5685.56,38.54,5303.96,38.92,4873.73,42.48
925000,0,5687.21,38.54,5304.31,38.91,4874.58,42.47
926000,0,5692.12,38.52,5306.82,38.90,4875.93,42.47
927000,0,5694.96,38.50,5309.64,38.89,4876.97,42.46
928000,0,5697.97,38.49,5311.26,38.88,4875.69,42.47
929000,0,5699.61,38.48,5311.69,38.88,4873.95,42.48
930000,0,5700.57,38.48,5312.79,38.87,4874.16,42.48
931000,0,5702.37,38.47,5313.08,38.87,4873.46,42.48
932000,0,5705.57,38.46,5314.54,38.87,4874.73,42.47
933000,0,5708.42,38.45,5315.22,38.86,4874.26,42.48
934000,0,5708.54,38.45,5314.28,38.87,4872.53,42.48
935000,0,5706.20,38.46,5312.50,38.88,4874.33,42.48
936000,0,5706.16,38.46,5311.50,38.88,4876.58,42.46
937000,0,5707.29,38.45,5311.60,38.88,4880.72,42.44
938000,0,5708.21,38.45,5310.46,38.89,4881.57,42.44
939000,0,5709.16,38.44,5307.61,38.90,4879.97,42.45
940000,0,5710.24,38.44,5306.65,38.90,4877.54,42.46
941000,0,5713.31,38.42,5306.25,38.90,4876.33,42.47
942000,0,5715.67,38.41,5308.48,38.89,4877.04,42.46
943000,0,5716.72,38.41,5315.74,38.86,4880.27,42.45
944000,0,5718.50,38.40,5323.10,38.83,4885.71,42.42
945000,0,5719.74,38.40,5329.78,38.80,4892.03,42.38
946000,0,5719.06,38.40,5335.32,38.77,4898.42,42.35
947000,0,5718.76,38.40,5339.04,38.75,4903.03,42.33
948000,0,5717.94,38.41,5341.77,38.74,4906.92,42.31
949000,0,5716.22,38.41,5343.11,38.74,4909.20,42.30
950000,0,5716.52,38.41,5345.33,38.73,4911.20,42.29
951000,0,5716.89,38.41,5345.03,38.73,4912.52,42.28
952000,0,5717.20,38.41,5345.12,38.73,4914.54,42.27
953000,0,5715.98,38.41,5344.71,38.73,4915.37,42.27
954000,0,5716.72,38.41,5344.13,38.73,4912.55,42.28
955000,0,5717.37,38.41,5342.39,38.74,4908.67,42.30
956000,0,5717.40,38.41,5341.80,38.74,4907.51,42.31
957000,0,5716.37,38.41,5343.35,38.73,4907.03,42.31
958000,0,5716.28,38.41,5345.00,38.73,4907.92,42.30
959000,0,5716.19,38.41,5344.51,38.73,4910.70,42.29
960000,0,5715.70,38.41,5343.34,38.73,4913.19,42.28
961000,0,5715.21,38.42,5342.30,38.74,4911.69,42.28
962000,0,5713.16,38.43,5340.75,38.75,4908.61,42.30
963000,0,5711.69,38.43,5336.25,38.77,4905.66,42.32
964000,0,5709.68,38.44,5330.56,38.79,4902.93,42.33
965000,0,5706.99,38.45,5326.53,38.81,4898.46,42.35
966000,0,5707.14,38.45,5323.49,38.83,4896.52,42.36
967000,0,5707.18,38.45,5321.97,38.83,4894.88,42.37
968000,0,5708.07,38.45,5322.43,38.83,4895.37,42.37
969000,0,5706.63,38.45,5320.77,38.84,4892.93,42.38
970000,0,5703.33,38.47,5315.31,38.86,4890.08,42.39
971000,0,5702.05,38.47,5312.85,38.87,4892.15,42.38
972000,0,5699.22,38.49,5313.25,38.87,4891.32,42.39
973000,0,5698.14,38.49,5313.96,38.87,4892.38,42.38
974000,0,5697.82,38.49,5315.55,38.86,4896.28,42.36
975000,0,5698.98,38.49,5317.94,38.85,4901.94,42.33
976000,0,5696.21,38.50,5318.63,38.85,4901.98,42.33
977000,0,5693.46,38.51,5317.70,38.85,4899.73,42.35
978000,0,5690.97,38.52,5314.01,38.87,4893.73,42.38
979000,0,5687.12,38.54,5310.84,38.88,4889.81,42.40
980000,0,5682.90,38.56,5308.97,38.89,4881.83,42.44
981000,0,5678.20,38.58,5304.26,38.91,4872.67,42.48
982000,0,5675.31,38.59,5300.30,38.93,4864.42,42.53
983000,0,5672.23,38.60,5299.00,38.94,4864.23,42.53
984000,0,5670.87,38.61,5300.79,38.93,4872.30,42.49
985000,0,5672.80,38.60,5307.11,38.90,4880.60,42.44
986000,0,5673.30,38.60,5308.78,38.89,4880.84,42.44
987000,0,5670.03,38.61,5305.59,38.91,4876.99,42.46
988000,0,5667.75,38.62,5302.05,38.92,4875.91,42.47
989000,0,5664.52,38.63,5300.08,38.93,4875.47,42.47
990000,0,5662.21,38.64,5300.56,38.93,4879.93,42.45
991000,0,5662.64,38.64,5301.36,38.93,4882.18,42.44
992000,0,5663.09,38.64,5300.65,38.93,4885.94,42.42
993000,0,5660.34,38.65,5299.59,38.94,4885.07,42.42
994000,0,5656.97,38.67,5298.62,38.94,4877.87,42.46
995000,0,5653.29,38.68,5296.82,38.95,4874.99,42.47
996000,0,5650.45,38.69,5293.46,38.96,4874.95,42.47
997000,0,5651.26,38.69,5292.54,38.97,4873.76,42.48
998000,0,5650.24,38.70,5292.83,38.97,4872.07,42.49
999000,0,5650.58,38.69,5294.96,38.96,4872.57,42.48
1000000,0,5652.98,38.68,5297.29,38.95,4872.37,42.49
1001000,0,5656.70,38.67,5297.18,38.95,4873.13,42.48
1002000,0,5658.42,38.66,5297.86,38.94,4874.11,42.48
1003000,0,5659.77,38.65,5300.12,38.93,4874.96,42.47
1004000,0,5661.94,38.65,5302.53,38.92,4878.53,42.45
1005000,0,5665.02,38.63,5305.14,38.91,4882.85,42.43
1006000,0,5668.19,38.62,5306.82,38.90,4885.79,42.42
1007000,0,5670.94,38.61,5306.48,38.90,4888.52,42.40
1008000,0,5672.38,38.60,5305.67,38.91,4888.82,42.40
1009000,0,5674.27,38.59,5305.56,38.91,4886.59,42.41
1010000,0,5674.95,38.59,5304.59,38.91,4883.50,42.43
1011000,0,5673.78,38.59,5303.71,38.92,4880.62,42.44
1012000,0,5672.02,38.60,5303.16,38.92,4877.74,42.46
1013000,0,5669.67,38.61,5300.95,38.93,4874.88,42.47
1014000,0,5666.79,38.62,5298.85,38.94,4870.90,42.49
1015000,0,5664.40,38.63,5296.15,38.95,4867.89,42.51
1016000,0,5662.73,38.64,5293.68,38.96,4865.68,42.52
1017000,0,5662.36,38.64,5292.22,38.97,4867.63,42.51
1018000,0,5661.33,38.65,5292.82,38.97,4870.09,42.50
1019000,0,5659.26,38.66,5290.86,38.98,4867.43,42.51
1020000,0,5655.88,38.67,5287.17,38.99,4866.98,42.51
1021000,0,5654.49,38.68,5286.10,39.00,4866.03,42.52
1022000,0,5653.80,38.68,5283.53,39.01,4862.41,42.54
1023000,0,5649.24,38.70,5279.98,39.03,4862.44,42.54
1024000,0,5647.64,38.71,5283.06,39.01,4867.25,42.51
1025000,0,5648.73,38.70,5286.81,38.99,4872.50,42.48
1026000,0,5647.30,38.71,5289.38,38.98,4875.19,42.47
1027000,0,5645.31,38.72,5288.90,38.98,4873.75,42.48
1028000,0,5642.81,38.73,5288.05,38.99,4876.29,42.47
1029000,0,5640.83,38.74,5290.05,38.98,4880.46,42.44
1030000,0,5642.45,38.73,5292.41,38.97,4882.73,42.43
1031000,0,5643.01,38.73,5294.09,38.96,4884.98,42.42
1032000,0,5643.72,38.72,5295.73,38.95,4887.11,42.41
1033000,0,5645.56,38.72,5297.75,38.94,4888.98,42.40
1034000,0,5648.79,38.70,5299.59,38.94,4889.90,42.40
1035000,0,5651.18,38.69,5300.91,38.93,4888.07,42.41
1036000,0,5649.57,38.70,5298.30,38.94,4882.03,42.44
1037000,0,5647.03,38.71,5294.42,38.96,4878.26,42.46
1038000,0,5645.92,38.71,5291.41,38.97,4874.04,42.48
1039000,0,5644.80,38.72,5286.93,38.99,4870.36,42.50
1040000,0,5643.40,38.73,5283.95,39.01,4868.78,42.50
1041000,0,5641.35,38.73,5282.16,39.02,4864.73,42.52
1042000,0,5639.83,38.74,5280.35,39.02,4861.77,42.54
1043000,0,5637.23,38.75,5278.07,39.03,4857.84,42.56
1044000,0,5634.10,38.77,5275.00,39.05,4854.51,42.58
1045000,0,5632.48,38.77,5273.10,39.06,4852.43,42.59
1046000,0,5630.13,38.78,5271.79,39.06,4849.43,42.60
1047000,0,5628.20,38.79,5268.98,39.08,4845.21,42.63
1048000,0,5624.08,38.81,5265.93,39.09,4840.43,42.65
1049000,0,5620.31,38.83,5263.03,39.10,4837.50,42.67
1050000,0,5618.86,38.83,5261.08,39.11,4834.92,42.68
1051000,0,5618.57,38.83,5258.62,39.13,4832.86,42.69
1052000,0,5617.06,38.84,5256.92,39.13,4832.41,42.69
1053000,0,5618.15,38.83,5257.77,39.13,4832.37,42.69
1054000,0,5618.88,38.83,5257.80,39.13,4830.32,42.70
1055000,0,5619.35,38.83,5256.31,39.14,4822.64,42.74
1056000,0,5619.85,38.83,5251.93,39.16,4818.00,42.77
1057000,0,5617.49,38.84,5247.45,39.18,4815.81,42.78
1058000,0,5614.90,38.85,5244.15,39.19,4816.04,42.78
1059000,0,5612.82,38.86,5242.38,39.20,4814.83,42.78
1060000,0,5609.87,38.87,5237.62,39.22,4811.77,42.80
1061000,0,5602.35,38.90,5233.86,39.24,4808.27,42.82
1062000,0,5595.91,38.93,5230.64,39.26,4806.44,42.83
1063000,0,5591.26,38.95,5229.86,39.26,4808.63,42.82
1064000,0,5589.55,38.96,5231.54,39.25,4811.83,42.80
1065000,0,5590.50,38.96,5233.14,39.24,4814.41,42.79
1066000,0,5591.85,38.95,5233.50,39.24,4815.33,42.78
1067000,0,5590.77,38.95,5232.73,39.25,4815.01,42.78
1068000,0,5587.80,38.97,5232.02,39.25,4814.89,42.78
1069000,0,5586.66,38.97,5231.47,39.25,4814.11,42.79
1070000,0,5586.45,38.97,5230.59,39.26,4810.19,42.81
1071000,0,5584.79,38.98,5228.72,39.26,4801.93,42.85
1072000,0,5579.87,39.00,5224.59,39.28,4797.52,42.87
1073000,0,5574.76,39.02,5222.29,39.30,4794.93,42.89
1074000,0,5572.04,39.04,5219.88,39.31,4791.53,42.90
1075000,0,5566.92,39.06,5215.63,39.33,4788.33,42.92
1076000,0,5563.27,39.07,5212.52,39.34,4782.04,42.95
1077000,0,5557.87,39.10,5206.98,39.37,4774.07,43.00
1078000,0,5552.78,39.12,5201.00,39.40,4768.03,43.03
1079000,0,5548.05,39.14,5195.23,39.42,4760.50,43.07
1080000,0,5545.15,39.15,5188.88,39.45,4755.31,43.09
1081000,0,5540.84,39.17,5184.17,39.47,4750.30,43.12
1082000,0,5537.19,39.19,5179.87,39.50,4745.98,43.14
1083000,0,5537.14,39.19,5176.91,39.51,4743.72,43.16
1084000,0,5536.52,39.19,5176.16,39.51,4745.34,43.15
1085000,0,5538.63,39.18,5176.48,39.51,4748.98,43.13
1086000,0,5541.45,39.17,5175.36,39.52,4751.87,43.11
1087000,0,5543.19,39.16,5176.67,39.51,4752.24,43.11
1088000,0,5543.66,39.16,5178.26,39.50,4753.12,43.11
1089000,0,5544.68,39.16,5180.76,39.49,4753.72,43.10
1090000,0,5546.55,39.15,5180.94,39.49,4754.86,43.10
1091000,0,5547.55,39.14,5184.01,39.48,4758.54,43.08
1092000,0,5548.20,39.14,5185.49,39.47,4761.97,43.06
1093000,0,5547.91,39.14,5186.04,39.47,4763.54,43.05
1094000,0,5548.76,39.14,5185.95,39.47,4763.88,43.05
1095000,0,5551.98,39.12,5187.39,39.46,4763.50,43.05
1096000,0,5554.06,39.12,5189.89,39.45,4763.34,43.05
1097000,0,5555.36,39.11,5193.46,39.43,4764.45,43.05
1098000,0,5557.70,39.10,5195.95,39.42,4766.10,43.04
1099000,0,5558.92,39.09,5196.40,39.42,4767.31,43.03
1100000,0,5559.79,39.09,5195.45,39.42,4768.49,43.03
1101000,0,5559.14,39.09,5195.18,39.42,4769.39,43.02
1102000,0,5558.48,39.10,5194.85,39.42,4767.56,43.03
1103000,0,5556.97,39.10,5194.50,39.43,4766.60,43.04
1104000,0,5556.23,39.11,5193.90,39.43,4765.22,43.04
1105000,0,5554.40,39.11,5191.20,39.44,4764.45,43.05
1106000,0,5553.07,39.12,5189.81,39.45,4763.49,43.05
1107000,0,5550.95,39.13,5188.84,39.45,4761.85,43.06
1108000,0,5547.67,39.14,5188.11,39.46,4761.44,43.06
1109000,0,5546.25,39.15,5187.23,39.46,4759.10,43.07
1110000,0,5544.40,39.16,5185.28,39.47,4757.88,43.08
1111000,0,5541.23,39.17,5184.78,39.47,4759.69,43.07
1112000,0,5539.57,39.18,5186.49,39.46,4763.17,43.05
1113000,0,5538.25,39.19,5186.36,39.46,4764.05,43.05
1114000,0,5537.63,39.19,5187.25,39.46,4764.43,43.05
1115000,0,5536.70,39.19,5187.35,39.46,4765.51,43.04
1116000,0,5534.59,39.20,5185.91,39.47,4764.15,43.05
1117000,0,5530.96,39.22,5183.40,39.48,4758.46,43.08
1118000,0,5526.28,39.24,5178.86,39.50,4753.53,43.10
1119000,0,5525.83,39.24,5178.64,39.50,4754.16,43.10
1120000,0,5528.17,39.23,5181.41,39.49,4756.72,43.09
1121000,0,5532.30,39.21,5184.83,39.47,4760.62,43.07
1122000,0,5531.31,39.22,5183.19,39.48,4758.05,43.08
1123000,0,5526.08,39.24,5177.51,39.51,4754.38,43.10
1124000,0,5523.22,39.25,5173.79,39.52,4753.27,43.11
1125000,0,5524.04,39.25,5170.92,39.54,4751.17,43.12
1126000,0,5522.94,39.25,5168.29,39.55,4749.73,43.12
1127000,0,5523.41,39.25,5167.79,39.55,4749.91,43.12
1128000,0,5522.19,39.26,5167.37,39.55,4748.62,43.13
1129000,0,5520.67,39.26,5165.65,39.56,4746.84,43.14
1130000,0,5520.66,39.26,5164.64,39.57,4741.11,43.17
1131000,0,5519.60,39.27,5161.02,39.58,4737.70,43.19
1132000,0,5520.10,39.27,5157.71,39.60,4735.30,43.20
1133000,0,5518.89,39.27,5153.55,39.62,4731.84,43.22
1134000,0,5517.00,39.28,5150.14,39.64,4727.60,43.24
1135000,0,5514.37,39.29,5147.86,39.65,4726.54,43.25
1136000,0,5511.60,39.30,5148.10,39.65,4726.89,43.25
1137000,0,5508.92,39.32,5148.01,39.65,4728.74,43.24
1138000,0,5506.35,39.33,5148.80,39.64,4731.34,43.22
1139000,0,5504.91,39.33,5149.34,39.64,4734.52,43.20
1140000,0,5504.82,39.33,5150.74,39.63,4737.50,43.19
1141000,0,5504.09,39.34,5152.58,39.62,4737.74,43.19
1142000,0,5505.07,39.33,5152.51,39.63,4736.74,43.19
1143000,0,5506.04,39.33,5151.63,39.63,4736.56,43.19
1144000,0,5505.67,39.33,5150.37,39.64,4736.05,43.20
1145000,0,5504.63,39.33,5147.87,39.65,4734.85,43.20
1146000,0,5502.99,39.34,5145.38,39.66,4734.07,43.21
1147000,0,5501.01,39.35,5144.43,39.66,4733.58,43.21
1148000,0,5498.44,39.36,5143.77,39.67,4734.97,43.20
1149000,0,5495.45,39.38,5144.04,39.67,4732.74,43.21
1150000,0,5494.02,39.38,5141.71,39.68,4731.31,43.22
1151000,0,5493.84,39.38,5140.93,39.68,4731.03,43.22
1152000,0,5494.12,39.38,5141.60,39.68,4729.83,43.23
1153000,0,5493.68,39.38,5141.17,39.68,4728.93,43.23
1154000,0,5492.87,39.39,5141.40,39.68,4730.52,43.23
1155000,0,5492.40,39.39,5142.72,39.67,4729.51,43.23
1156000,0,5492.07,39.39,5142.13,39.67,4728.19,43.24
1157000,0,5491.33,39.39,5141.22,39.68,4725.37,43.25
1158000,0,5490.06,39.40,5138.06,39.69,4722.39,43.27
1159000,0,5487.54,39.41,5133.63,39.72,4721.32,43.28
1160000,0,5484.31,39.43,5133.66,39.72,4721.61,43.27
1161000,0,5483.71,39.43,5133.49,39.72,4722.64,43.27
1162000,0,5482.86,39.43,5135.38,39.71,4725.37,43.25
1163000,0,5483.03,39.43,5138.45,39.69,4724.40,43.26
1164000,0,5482.38,39.43,5138.70,39.69,4724.80,43.26
1165000,0,5480.24,39.44,5136.66,39.70,4723.65,43.26
1166000,0,5478.26,39.45,5134.41,39.71,4723.53,43.26
1167000,0,5476.45,39.46,5133.57,39.72,4722.72,43.27
1168000,0,5475.19,39.47,5132.58,39.72,4721.14,43.28
1169000,0,5473.31,39.47,5130.47,39.73,4718.86,43.29
1170000,0,5471.22,39.48,5127.81,39.74,4715.88,43.30
1171000,0,5469.32,39.49,5125.36,39.75,4715.11,43.31
1172000,0,5468.72,39.49,5124.04,39.76,4714.04,43.31
1173000,0,5467.30,39.50,5123.17,39.77,4712.79,43.32
1174000,0,5465.61,39.51,5122.50,39.77,4710.62,43.33
1175000,0,5464.59,39.51,5119.10,39.78,4704.79,43.36
1176000,0,5463.29,39.52,5116.38,39.80,4700.05,43.39
1177000,0,5462.21,39.52,5112.76,39.82,4697.44,43.40
1178000,0,5462.28,39.52,5110.57,39.83,4696.58,43.41
1179000,0,5461.32,39.53,5110.14,39.83,4695.88,43.41
1180000,0,5460.41,39.53,5110.01,39.83,4695.08,43.42
1181000,0,5459.45,39.54,5109.52,39.83,4692.15,43.43
1182000,0,5457.58,39.54,5109.82,39.83,4690.22,43.44
1183000,0,5455.86,39.55,5111.03,39.82,4690.05,43.44
1184000,0,5454.14,39.56,5112.14,39.82,4689.27,43.45
1185000,0,5453.04,39.57,5112.90,39.81,4688.73,43.45
1186000,0,5452.13,39.57,5112.62,39.82,4686.88,43.46
1187000,0,5453.88,39.56,5113.11,39.81,4685.54,43.47
1188000,0,5456.24,39.55,5112.62,39.82,4684.70,43.47
1189000,0,5456.87,39.55,5109.80,39.83,4682.69,43.48
1190000,0,5457.19,39.55,5105.97,39.85,4678.00,43.51
1191000,0,5455.37,39.55,5103.12,39.86,4674.65,43.52
1192000,0,5454.42,39.56,5101.95,39.87,4673.31,43.53
1193000,0,5452.83,39.57,5103.09,39.86,4674.10,43.53
1194000,0,5450.76,39.58,5103.13,39.86,4673.52,43.53
1195000,0,5449.39,39.58,5101.54,39.87,4672.90,43.53
1196000,0,5448.88,39.58,5099.27,39.88,4670.81,43.55
1197000,0,5448.69,39.58,5095.66,39.90,4667.66,43.56
1198000,0,5446.03,39.60,5092.11,39.91,4665.31,43.58
1199000,0,5446.13,39.60,5088.75,39.93,4661.23,43.60
1200000,0,5445.33,39.60,5086.11,39.94,4659.84,43.60
1201000,0,5441.09,39.62,5082.05,39.96,4656.91,43.62
1202000,0,5436.25,39.64,5080.34,39.97,4656.53,43.62
1203000,0,5434.20,39.65,5079.86,39.97,4656.99,43.62
1204000,0,5430.55,39.67,5078.97,39.98,4663.60,43.58
1205000,0,5427.53,39.68,5082.76,39.96,4669.96,43.55
1206000,0,5428.34,39.68,5088.32,39.93,4676.16,43.52
1207000,0,5431.44,39.66,5092.13,39.91,4680.11,43.50
1208000,0,5434.49,39.65,5096.42,39.89,4681.49,43.49
1209000,0,5438.90,39.63,5097.83,39.89,4683.23,43.48
1210000,0,5442.59,39.61,5098.37,39.88,4682.95,43.48
1211000,0,5444.86,39.60,5099.29,39.88,4682.63,43.48
1212000,0,5447.09,39.59,5100.01,39.88,4679.98,43.50
1213000,0,5447.66,39.59,5100.88,39.87,4677.21,43.51
1214000,0,5447.88,39.59,5101.72,39.87,4672.06,43.54
1215000,0,5447.24,39.59,5101.38,39.87,4669.26,43.55
1216000,0,5447.60,39.59,5100.99,39.87,4667.66,43.56
1217000,0,5448.50,39.59,5099.82,39.88,4665.31,43.58
1218000,0,5446.00,39.60,5094.84,39.90,4661.06,43.60
1219000,0,5442.05,39.61,5089.51,39.93,4657.67,43.62
1220000,0,5437.03,39.64,5085.76,39.95,4653.81,43.64
1221000,0,5432.61,39.66,5082.33,39.96,4652.72,43.64
1222000,0,5430.70,39.67,5081.03,39.97,4652.80,43.64
1223000,0,5431.52,39.66,5080.73,39.97,4655.30,43.63
1224000,0,5431.96,39.66,5080.97,39.97,4659.23,43.61
1225000,0,5431.86,39.66,5081.15,39.97,4663.47,43.59
1226000,0,5431.94,39.66,5079.93,39.97,4667.91,43.56
1227000,0,5430.51,39.67,5080.04,39.97,4671.37,43.54
1228000,0,5431.63,39.66,5081.96,39.96,4672.96,43.53
1229000,0,5432.32,39.66,5083.61,39.96,4673.34,43.53
1230000,0,5433.33,39.65,5083.61,39.96,4671.64,43.54
1231000,0,5432.00,39.66,5081.58,39.97,4674.18,43.53
1232000,0,5428.20,39.68,5081.73,39.97,4674.01,43.53
1233000,0,5425.84,39.69,5083.55,39.96,4673.85,43.53
1234000,0,5427.02,39.68,5084.88,39.95,4673.01,43.53
1235000,0,5428.31,39.68,5085.62,39.95,4671.37,43.54
1236000,0,5427.82,39.68,5083.73,39.96,4670.16,43.55
1237000,0,5425.80,39.69,5080.48,39.97,4670.21,43.55
1238000,0,5425.09,39.69,5079.87,39.97,4670.42,43.55
1239000,0,5425.48,39.69,5081.03,39.97,4669.55,43.55
1240000,0,5426.16,39.69,5081.11,39.97,4668.74,43.56
1241000,0,5426.55,39.68,5081.33,39.97,4669.93,43.55
1242000,0,5428.17,39.68,5082.73,39.96,4670.88,43.55
1243000,0,5428.08,39.68,5083.44,39.96,4672.92,43.53
1244000,0,5428.83,39.67,5084.26,39.95,4671.67,43.54
1245000,0,5429.97,39.67,5084.88,39.95,4667.74,43.56
1246000,0,5430.10,39.67,5083.98,39.95,4664.88,43.58
1247000,0,5427.86,39.68,5081.61,39.97,4660.65,43.60
1248000,0,5427.34,39.68,5077.47,39.99,4656.83,43.62
1249000,0,5426.35,39.69,5074.11,40.00,4655.31,43.63
1250000,0,5425.29,39.69,5071.55,40.01,4656.00,43.63
1251000,0,5424.23,39.70,5071.98,40.01,4655.97,43.63
1252000,0,5423.39,39.70,5073.03,40.01,4657.35,43.62
1253000,0,5423.71,39.70,5072.12,40.01,4655.51,43.63
1254000,0,5423.61,39.70,5070.47,40.02,4651.93,43.65
1255000,0,5422.39,39.70,5066.27,40.04,4647.20,43.67
1256000,0,5420.99,39.71,5062.82,40.06,4646.59,43.68
1257000,0,5419.72,39.72,5061.16,40.06,4647.27,43.67
1258000,0,5416.80,39.73,5061.36,40.06,4649.18,43.66
1259000,0,5417.61,39.73,5062.79,40.06,4649.38,43.66
1260000,0,5416.96,39.73,5061.66,40.06,4649.00,43.66
1261000,0,5412.98,39.75,5059.14,40.07,4646.86,43.68
1262000,0,5408.82,39.77,5056.19,40.09,4644.00,43.69
1263000,0,5405.03,39.78,5054.31,40.10,4637.47,43.73
1264000,0,5400.58,39.80,5052.58,40.11,4634.88,43.74
1265000,0,5396.85,39.82,5050.70,40.12,4633.43,43.75
1266000,0,5393.27,39.84,5049.81,40.12,4633.34,43.75
1267000,0,5390.51,39.85,5047.01,40.13,4628.93,43.77
1268000,0,5388.75,39.86,5044.23,40.15,4629.08,43.77
1269000,0,5389.01,39.86,5043.98,40.15,4631.31,43.76
1270000,0,5389.82,39.85,5045.11,40.14,4633.11,43.75
1271000,0,5391.28,39.85,5046.96,40.13,4634.07,43.74
1272000,0,5391.99,39.84,5046.70,40.14,4634.02,43.74
1273000,0,5391.26,39.85,5046.08,40.14,4634.71,43.74
1274000,0,5392.17,39.84,5046.26,40.14,4635.57,43.74
1275000,0,5392.96,39.84,5045.82,40.14,4635.38,43.74
1276000,0,5393.09,39.84,5046.34,40.14,4635.48,43.74
1277000,0,5393.06,39.84,5047.34,40.13,4632.54,43.75
1278000,0,5391.45,39.84,5047.20,40.13,4630.53,43.76
1279000,0,5391.10,39.85,5046.34,40.14,4630.30,43.76
1280000,0,5392.64,39.84,5045.90,40.14,4630.84,43.76
1281000,0,5391.76,39.84,5045.36,40.14,4628.23,43.78
1282000,0,5390.57,39.85,5043.99,40.15,4628.15,43.78
1283000,0,5390.40,39.85,5043.30,40.15,4628.89,43.77
1284000,0,5390.54,39.85,5043.04,40.15,4630.13,43.77
1285000,0,5390.27,39.85,5043.81,40.15,4629.56,43.77
1286000,0,5388.91,39.86,5042.43,40.16,4629.47,43.77
1287000,0,5387.49,39.86,5041.00,40.16,4627.95,43.78
1288000,0,5385.97,39.87,5040.61,40.17,4625.93,43.79
1289000,0,5385.84,39.87,5038.59,40.18,4623.81,43.80
1290000,0,5383.83,39.88,5036.23,40.19,4624.27,43.80
1291000,0,5382.20,39.89,5034.68,40.19,4621.66,43.81
1292000,0,5379.75,39.90,5031.81,40.21,4620.63,43.82
1293000,0,5377.21,39.91,5028.95,40.22,4622.35,43.81
1294000,0,5375.91,39.92,5027.49,40.23,4623.68,43.80
1295000,0,5374.75,39.92,5027.21,40.23,4624.60,43.80
1296000,0,5373.11,39.93,5029.17,40.22,4625.01,43.79
1297000,0,5372.40,39.93,5031.24,40.21,4624.96,43.79
1298000,0,5371.25,39.94,5031.83,40.21,4624.28,43.80
1299000,0,5370.76,39.94,5029.71,40.22,4621.90,43.81
1300000,0,5371.93,39.93,5027.74,40.23,4623.85,43.80
1301000,0,5372.98,39.93,5026.69,40.23,4627.34,43.78
1302000,0,5373.44,39.93,5026.76,40.23,4627.03,43.78
1303000,0,5372.37,39.93,5027.63,40.23,4625.38,43.79
1304000,0,5370.07,39.94,5028.21,40.23,4625.26,43.79
1305000,0,5370.15,39.94,5026.18,40.24,4625.47,43.79
1306000,0,5368.60,39.95,5024.67,40.24,4625.25,43.79
1307000,0,5366.29,39.96,5020.53,40.26,4622.00,43.81
1308000,0,5363.21,39.97,5016.90,40.28,4618.67,43.83
1309000,0,5359.42,39.99,5013.51,40.30,4613.65,43.86
1310000,0,5357.68,40.00,5010.64,40.31,4613.68,43.86
1311000,0,5357.92,40.00,5012.15,40.30,4615.99,43.84
1312000,0,5359.65,39.99,5015.12,40.29,4616.98,43.84
1313000,0,5360.34,39.99,5017.99,40.28,4615.35,43.85
1314000,0,5360.53,39.99,5018.98,40.27,4612.09,43.86
1315000,0,5359.09,39.99,5019.24,40.27,4607.85,43.89
1316000,0,5359.07,39.99,5018.87,40.27,4606.19,43.90
1317000,0,5357.40,40.00,5018.10,40.28,4604.53,43.91
1318000,0,5356.91,40.00,5018.08,40.28,4607.14,43.89
1319000,0,5358.18,40.00,5018.26,40.27,4608.86,43.88
1320000,0,5360.25,39.99,5019.17,40.27,4608.30,43.89
1321000,0,5361.59,39.98,5018.74,40.27,4609.42,43.88
1322000,0,5361.92,39.98,5017.19,40.28,4611.87,43.87
1323000,0,5362.30,39.98,5017.49,40.28,4614.43,43.85
1324000,0,5362.33,39.98,5018.81,40.27,4616.61,43.84
1325000,0,5359.56,39.99,5019.20,40.27,4619.73,43.82
1326000,0,5358.37,40.00,5020.71,40.26,4619.91,43.82
1327000,0,5357.83,40.00,5021.19,40.26,4617.79,43.83
1328000,0,5356.09,40.01,5020.71,40.26,4614.75,43.85
1329000,0,5353.85,40.02,5019.79,40.27,4610.78,43.87
1330000,0,5351.75,40.03,5017.10,40.28,4604.43,43.91
1331000,0,5347.29,40.05,5013.33,40.30,4599.26,43.93
1332000,0,5343.69,40.06,5011.35,40.31,4594.41,43.96
1333000,0,5340.48,40.08,5008.90,40.32,4594.09,43.96
1334000,0,5338.49,40.09,5008.08,40.32,4597.05,43.95
1335000,0,5337.30,40.09,5008.70,40.32,4602.52,43.92
1336000,0,5338.16,40.09,5012.69,40.30,4610.39,43.87
1337000,0,5341.51,40.07,5016.68,40.28,4611.29,43.87
1338000,0,5342.00,40.07,5016.04,40.29,4608.43,43.88
1339000,0,5338.74,40.09,5013.25,40.30,4606.41,43.90
1340000,0,5335.29,40.10,5010.11,40.31,4600.46,43.93
1341000,0,5331.66,40.12,5006.76,40.33,4601.90,43.92
1342000,0,5331.38,40.12,5007.50,40.33,4604.18,43.91
1343000,0,5331.88,40.12,5007.52,40.33,4607.25,43.89
1344000,0,5332.39,40.12,5009.43,40.32,4608.02,43.89
1345000,0,5333.83,40.11,5010.43,40.31,4607.53,43.89
1346000,0,5336.48,40.10,5011.09,40.31,4608.02,43.89
1347000,0,5337.16,40.09,5010.50,40.31,4609.30,43.88
1348000,0,5337.25,40.09,5011.00,40.31,4610.12,43.88
1349000,0,5337.72,40.09,5011.63,40.31,4610.90,43.87
1350000,0,5338.18,40.09,5011.97,40.31,4610.03,43.88
1351000,0,5338.02,40.09,5010.65,40.31,4609.91,43.88
1352000,0,5336.74,40.10,5008.46,40.32,4609.06,43.88
1353000,0,5334.36,40.11,5006.68,40.33,4607.92,43.89
1354000,0,5332.09,40.12,5004.44,40.34,4602.33,43.92
1355000,0,5328.65,40.13,5000.73,40.36,4598.16,43.94
1356000,0,5325.31,40.15,4999.25,40.37,4598.73,43.94
1357000,0,5326.86,40.14,5000.07,40.36,4599.33,43.93
1358000,0,5329.12,40.13,5000.98,40.36,4601.32,43.92
1359000,0,5331.59,40.12,5003.35,40.35,4602.66,43.92
1360000,0,5333.60,40.11,5005.77,40.34,4604.56,43.91
1361000,0,5334.92,40.10,5007.64,40.33,4606.71,43.89
1362000,0,5336.15,40.10,5010.25,40.31,4609.34,43.88
1363000,0,5337.20,40.09,5012.65,40.30,4609.83,43.88
1364000,0,5337.76,40.09,5012.71,40.30,4609.03,43.88
1365000,0,5337.17,40.09,5011.64,40.31,4606.11,43.90
1366000,0,5337.20,40.09,5008.56,40.32,4602.44,43.92
1367000,0,5336.89,40.09,5007.53,40.33,4599.18,43.94
1368000,0,5337.07,40.09,5004.69,40.34,4597.09,43.95
1369000,0,5336.73,40.10,5003.06,40.35,4596.11,43.95
1370000,0,5336.30,40.10,5000.74,40.36,4595.59,43.95
1371000,0,5335.44,40.10,4999.48,40.37,4594.20,43.96
1372000,0,5333.66,40.11,4998.97,40.37,4596.37,43.95
1373000,0,5333.91,40.11,4999.73,40.37,4599.34,43.93
1374000,0,5332.52,40.11,5001.94,40.36,4598.01,43.94
1375000,0,5332.95,40.11,5003.48,40.35,4595.24,43.96
1376000,0,5334.23,40.11,5005.39,40.34,4596.83,43.95
1377000,0,5336.30,40.10,5008.82,40.32,4600.38,43.93
1378000,0,5338.31,40.09,5009.83,40.32,4601.60,43.92
1379000,0,5339.93,40.08,5008.90,40.32,4602.09,43.92
1380000,0,5342.39,40.07,5009.55,40.32,4603.54,43.91
1381000,0,5343.90,40.06,5011.44,40.31,4601.81,43.92
1382000,0,5343.03,40.07,5009.69,40.32,4601.94,43.92
1383000,0,5341.32,40.07,5006.24,40.33,4602.15,43.92
1384000,0,5340.45,40.08,5005.15,40.34,4602.20,43.92
1385000,0,5338.65,40.09,5004.86,40.34,4602.44,43.92
1386000,0,5337.52,40.09,5002.75,40.35,4602.32,43.92
1387000,0,5336.27,40.10,5002.03,40.35,4603.11,43.91
1388000,0,5335.39,40.10,5001.14,40.36,4601.27,43.92
1389000,0,5336.60,40.10,4998.96,40.37,4597.34,43.95
1390000,0,5336.60,40.10,4996.80,40.38,4594.09,43.96
1391000,0,5334.75,40.10,4993.08,40.40,4587.06,44.00
1392000,0,5330.46,40.12,4989.46,40.42,4587.46,44.00
1393000,0,5326.94,40.14,4989.53,40.42,4588.97,43.99
1394000,0,5326.27,40.14,4989.93,40.41,4584.80,44.01
1395000,0,5323.66,40.16,4987.57,40.43,4576.21,44.06
1396000,0,5320.38,40.17,4984.07,40.44,4573.02,44.08
1397000,0,5320.75,40.17,4983.13,40.45,4573.98,44.07
1398000,0,5322.44,40.16,4983.00,40.45,4575.44,44.07
1399000,0,5323.10,40.16,4981.61,40.46,4574.68,44.07
1400000,0,5321.25,40.17,4979.25,40.47,4576.40,44.06
1401000,0,5318.76,40.18,4975.44,40.49,4573.52,44.08
1402000,0,5312.59,40.21,4970.41,40.51,4565.52,44.12
1403000,0,5307.10,40.23,4965.44,40.54,4561.63,44.14
1404000,0,5301.62,40.26,4961.85,40.55,4555.55,44.18
1405000,0,5296.63,40.28,4957.65,40.57,4551.08,44.20
1406000,0,5291.68,40.30,4956.45,40.58,4551.16,44.20
1407000,0,5288.34,40.32,4956.02,40.58,4549.15,44.21
1408000,0,5285.26,40.33,4954.08,40.59,4546.32,44.23
1409000,0,5282.39,40.35,4951.68,40.60,4543.57,44.24
1410000,0,5278.96,40.36,4948.28,40.62,4539.16,44.27
1411000,0,5274.31,40.39,4945.99,40.63,4539.09,44.27
1412000,0,5269.50,40.41,4948.89,40.62,4548.74,44.21
1413000,0,5269.49,40.41,4951.74,40.60,4550.87,44.20
1414000,0,5269.86,40.41,4951.87,40.60,4549.38,44.21
1415000,0,5269.74,40.41,4950.30,40.61,4548.00,44.22
1416000,0,5269.64,40.41,4946.44,40.63,4549.28,44.21
1417000,0,5268.38,40.41,4946.98,40.63,4550.97,44.20
1418000,0,5268.76,40.41,4951.21,40.61,4556.51,44.17
1419000,0,5273.10,40.39,4956.15,40.58,4557.70,44.16
1420000,0,5277.35,40.37,4957.07,40.58,4556.82,44.17
1421000,0,5283.12,40.34,4958.49,40.57,4560.27,44.15
1422000,0,5287.04,40.33,4960.70,40.56,4562.74,44.14
1423000,0,5289.00,40.32,4961.84,40.55,4567.17,44.11
1424000,0,5288.77,40.32,4965.32,40.54,4570.30,44.09
1425000,0,5290.07,40.31,4968.47,40.52,4573.55,44.08
1426000,0,5292.39,40.30,4972.21,40.50,4576.22,44.06
1427000,0,5295.76,40.29,4975.14,40.49,4578.45,44.05
1428000,0,5298.95,40.27,4977.84,40.47,4580.92,44.04
1429000,0,5299.56,40.27,4978.17,40.47,4584.37,44.02
1430000,0,5301.12,40.26,4981.46,40.46,4585.42,44.01
1431000,0,5302.95,40.25,4982.22,40.45,4582.68,44.03
1432000,0,5299.00,40.27,4980.58,40.46,4581.21,44.03
1433000,0,5296.52,40.28,4979.63,40.47,4583.11,44.02
1434000,0,5294.48,40.29,4979.44,40.47,4584.56,44.02
1435000,0,5293.61,40.30,4978.03,40.47,4581.98,44.03
1436000,0,5291.69,40.30,4977.55,40.48,4579.66,44.04
1