> ?
# method=2,KR=0.0000,TI=0.0,KI=0.00000,H=0.50,L=0.0,DELTA_T=16.60,T_P=307,CTRL_CH=2,T_amb=22.082
> M 2
# method=2,KR=0.0000,TI=0.0,KI=0.00000,H=0.50,L=0.0,DELTA_T=16.60,T_P=307,CTRL_CH=2,T_amb=22.082
> R
# START,method=2,KR=0.0000,TI=0.0,KI=0.00000,H=0.50,L=0.0,DELTA_T=16.60,T_P=307,CTRL_CH=2,T_amb=22.082
t_s,phase,r,T1,T2,T3,c,e,u,heater,I_term
0.0,AP,5.00,25.5487,25.3825,25.5869,3.5049,1.4951,0.6002,1,0.0000
1.0,AP,5.00,25.5401,25.3766,25.5768,3.4948,1.5052,0.6002,1,0.0000
2.0,AP,5.00,25.5350,25.3708,25.5761,3.4941,1.5059,0.6002,0,0.0000
3.0,AP,5.00,25.5295,25.3661,25.5685,3.4865,1.5135,0.6002,0,0.0000
4.0,AP,5.00,25.5335,25.3587,25.5617,3.4797,1.5203,0.6002,0,0.0000
5.0,AP,5.00,25.5367,25.3507,25.5550,3.4730,1.5270,0.6002,0,0.0000
6.0,AP,5.00,25.5398,25.3472,25.5499,3.4679,1.5321,0.6002,0,0.0000
7.0,AP,5.00,25.5529,25.3424,25.5429,3.4609,1.5391,0.6002,0,0.0000
8.0,AP,5.00,25.5680,25.3394,25.5368,3.4548,1.5452,0.6002,0,0.0000
9.0,AP,5.00,25.5871,25.3333,25.5296,3.4476,1.5524,0.6002,0,0.0000
10.0,AP,5.00,25.6136,25.3252,25.5193,3.4373,1.5627,0.6138,0,0.0000
11.0,AP,5.00,25.6364,25.3221,25.5077,3.4257,1.5743,0.6138,0,0.0000
12.0,AP,5.00,25.6651,25.3115,25.4976,3.4156,1.5844,0.6138,0,0.0000
13.0,AP,5.00,25.6915,25.3115,25.4856,3.4036,1.5964,0.6138,0,0.0000
14.0,AP,5.00,25.7262,25.3080,25.4768,3.3948,1.6052,0.6138,0,0.0000
15.0,AP,5.00,25.7662,25.3051,25.4716,3.3896,1.6104,0.6138,0,0.0000
16.0,AP,5.00,25.8050,25.3093,25.4582,3.3762,1.6238,0.6138,0,0.0000
17.0,AP,5.00,25.8351,25.3082,25.4657,3.3837,1.6163,0.6138,0,0.0000
18.0,AP,5.00,25.8751,25.3101,25.4564,3.3744,1.6256,0.6138,0,0.0000
19.0,AP,5.00,25.9178,25.3123,25.4523,3.3703,1.6297,0.6138,0,0.0000
20.0,AP,5.00,25.9427,25.3141,25.4404,3.3584,1.6416,0.6295,0,0.0000
21.0,AP,5.00,25.9791,25.3166,25.4359,3.3539,1.6461,0.6295,0,0.0000
22.0,AP,5.00,26.0200,25.3247,25.4292,3.3472,1.6528,0.6295,0,0.0000
23.0,AP,5.00,26.0622,25.3306,25.4304,3.3484,1.6516,0.6295,0,0.0000
24.0,AP,5.00,26.1060,25.3419,25.4269,3.3449,1.6551,0.6295,0,0.0000
25.0,AP,5.00,26.1491,25.3520,25.4254,3.3434,1.6566,0.6295,0,0.0000
26.0,AP,5.00,26.1932,25.3671,25.4341,3.3521,1.6479,0.6295,0,0.0000
27.0,AP,5.00,26.2293,25.3735,25.4370,3.3550,1.6450,0.6295,0,0.0000
28.0,AP,5.00,26.2682,25.3887,25.4353,3.3533,1.6467,0.6295,0,0.0000
29.0,AP,5.00,26.3002,25.3964,25.4324,3.3504,1.6496,0.6295,0,0.0000
30.0,AP,5.00,26.3387,25.4115,25.4328,3.3508,1.6492,0.6310,0,0.0000
31.0,AP,5.00,26.3775,25.4213,25.4367,3.3547,1.6453,0.6310,0,0.0000
32.0,AP,5.00,26.4176,25.4338,25.4421,3.3601,1.6399,0.6310,0,0.0000
33.0,AP,5.00,26.4602,25.4495,25.4442,3.3622,1.6378,0.6310,0,0.0000
34.0,AP,5.00,26.4938,25.4642,25.4491,3.3671,1.6329,0.6310,0,0.0000
35.0,AP,5.00,26.5425,25.4804,25.4599,3.3779,1.6221,0.6310,0,0.0000
36.0,AP,5.00,26.5873,25.4992,25.4654,3.3834,1.6166,0.6310,0,0.0000
37.0,AP,5.00,26.6282,25.5186,25.4678,3.3858,1.6142,0.6310,0,0.0000
38.0,AP,5.00,26.6756,25.5373,25.4742,3.3922,1.6078,0.6310,0,0.0000
39.0,AP,5.00,26.7203,25.5587,25.4868,3.4048,1.5952,0.6310,0,0.0000
40.0,AP,5.00,26.7578,25.5767,25.4935,3.4115,1.5885,0.6189,0,0.0000
41.0,AP,5.00,26.7991,25.6020,25.5032,3.4212,1.5788,0.6189,0,0.0000
42.0,AP,5.00,26.8404,25.6182,25.5090,3.4270,1.5730,0.6189,0,0.0000
43.0,AP,5.00,26.8782,25.6365,25.5255,3.4435,1.5565,0.6189,0,0.0000
44.0,AP,5.00,26.9139,25.6568,25.5337,3.4517,1.5483,0.6189,0,0.0000
45.0,AP,5.00,26.9498,25.6696,25.5366,3.4546,1.5454,0.6189,0,0.0000
46.0,AP,5.00,26.9904,25.6951,25.5441,3.4621,1.5379,0.6189,0,0.0000
47.0,AP,5.00,27.0234,25.7115,25.5529,3.4709,1.5291,0.6189,0,0.0000
48.0,AP,5.00,27.0653,25.7255,25.5573,3.4753,1.5247,0.6189,0,0.0000
49.0,AP,5.00,27.0962,25.7397,25.5595,3.4775,1.5225,0.6189,0,0.0000
50.0,AP,5.00,27.1385,25.7615,25.5683,3.4863,1.5137,0.6039,0,0.0000
51.0,AP,5.00,27.1628,25.7737,25.5794,3.4974,1.5026,0.6039,0,0.0000
52.0,AP,5.00,27.1984,25.7916,25.5913,3.5093,1.4907,0.6039,0,0.0000
53.0,AP,5.00,27.2342,25.8089,25.6131,3.5311,1.4689,0.6039,0,0.0000
54.0,AP,5.00,27.2688,25.8303,25.6335,3.5515,1.4485,0.6039,0,0.0000
55.0,AP,5.00,27.3012,25.8499,25.6422,3.5602,1.4398,0.6039,0,0.0000
56.0,AP,5.00,27.3336,25.8714,25.6497,3.5677,1.4323,0.6039,0,0.0000
57.0,AP,5.00,27.3734,25.8863,25.6601,3.5781,1.4219,0.6039,0,0.0000
58.0,AP,5.00,27.4196,25.9117,25.6729,3.5909,1.4091,0.6039,0,0.0000
59.0,AP,5.00,27.4620,25.9325,25.6871,3.6051,1.3949,0.6039,0,0.0000
60.0,AP,5.00,27.4957,25.9541,25.6995,3.6175,1.3825,0.5777,0,0.0000
61.0,AP,5.00,27.5244,25.9774,25.7090,3.6270,1.3730,0.5777,0,0.0000
62.0,AP,5.00,27.5563,25.9980,25.7216,3.6396,1.3604,0.5777,0,0.0000
63.0,AP,5.00,27.5902,26.0148,25.7403,3.6583,1.3417,0.5777,0,0.0000
64.0,AP,5.00,27.6225,26.0402,25.7594,3.6774,1.3226,0.5777,0,0.0000
65.0,AP,5.00,27.6609,26.0613,25.7727,3.6907,1.3093,0.5777,0,0.0000
66.0,AP,5.00,27.6864,26.0825,25.7848,3.7028,1.2972,0.5777,0,0.0000
67.0,AP,5.00,27.7197,26.1057,25.7987,3.7167,1.2833,0.5777,0,0.0000
68.0,AP,5.00,27.7530,26.1250,25.8133,3.7313,1.2687,0.5777,0,0.0000
69.0,AP,5.00,27.7822,26.1519,25.8277,3.7457,1.2543,0.5777,0,0.0000
70.0,AP,5.00,27.8185,26.1741,25.8457,3.7637,1.2363,0.5485,0,0.0000
71.0,AP,5.00,27.8446,26.1962,25.8685,3.7865,1.2135,0.5485,0,0.0000
72.0,AP,5.00,27.8768,26.2218,25.8846,3.8026,1.1974,0.5485,0,0.0000
73.0,AP,5.00,27.9151,26.2483,25.9034,3.8214,1.1786,0.5485,0,0.0000
74.0,AP,5.00,27.9450,26.2660,25.9319,3.8499,1.1501,0.5485,0,0.0000
75.0,AP,5.00,27.9723,26.2888,25.9604,3.8784,1.1216,0.5485,0,0.0000
76.0,AP,5.00,27.9982,26.3202,25.9792,3.8972,1.1028,0.5485,0,0.0000
77.0,AP,5.00,28.0204,26.3394,26.0026,3.9206,1.0794,0.5485,0,0.0000
78.0,AP,5.00,28.0446,26.3600,26.0234,3.9414,1.0586,0.5485,0,0.0000
79.0,AP,5.00,28.0547,26.3748,26.0377,3.9557,1.0443,0.5485,0,0.0000
80.0,AP,5.00,28.0697,26.3890,26.0460,3.9640,1.0360,0.5084,0,0.0000
81.0,AP,5.00,28.0868,26.4009,26.0551,3.9731,1.0269,0.5084,0,0.0000
82.0,AP,5.00,28.1008,26.4175,26.0618,3.9798,1.0202,0.5084,0,0.0000
83.0,AP,5.00,28.1215,26.4320,26.0727,3.9907,1.0093,0.5084,0,0.0000
84.0,AP,5.00,28.1358,26.4503,26.0882,4.0062,0.9938,0.5084,0,0.0000
85.0,AP,5.00,28.1579,26.4639,26.1023,4.0203,0.9797,0.5084,0,0.0000
86.0,AP,5.00,28.1900,26.4870,26.1248,4.0428,0.9572,0.5084,0,0.0000
87.0,AP,5.00,28.2228,26.5169,26.1493,4.0673,0.9327,0.5084,0,0.0000
88.0,AP,5.00,28.2524,26.5423,26.1740,4.0920,0.9080,0.5084,0,0.0000
89.0,AP,5.00,28.2794,26.5648,26.1968,4.1148,0.8852,0.5084,0,0.0000
90.0,AP,5.00,28.2996,26.5918,26.2082,4.1262,0.8738,0.4760,0,0.0000
91.0,AP,5.00,28.3325,26.6074,26.2141,4.1321,0.8679,0.4760,0,0.0000
92.0,AP,5.00,28.3538,26.6261,26.2273,4.1453,0.8547,0.4760,0,0.0000
93.0,AP,5.00,28.3739,26.6398,26.2446,4.1626,0.8374,0.4760,0,0.0000
94.0,AP,5.00,28.3922,26.6582,26.2627,4.1807,0.8193,0.4760,0,0.0000
95.0,AP,5.00,28.4112,26.6815,26.2837,4.2017,0.7983,0.4760,0,0.0000
96.0,AP,5.00,28.4364,26.7019,26.3033,4.2213,0.7787,0.4760,0,0.0000
97.0,AP,5.00,28.4566,26.7205,26.3219,4.2399,0.7601,0.4760,0,0.0000
98.0,AP,5.00,28.4720,26.7437,26.3387,4.2567,0.7433,0.4760,0,0.0000
99.0,AP,5.00,28.4935,26.7631,26.3595,4.2775,0.7225,0.4760,0,0.0000
100.0,AP,5.00,28.5110,26.7829,26.3815,4.2995,0.7005,0.4413,0,0.0000
101.0,AP,5.00,28.5183,26.7921,26.4009,4.3189,0.6811,0.4413,0,0.0000
102.0,AP,5.00,28.5277,26.8106,26.4220,4.3400,0.6600,0.4413,0,0.0000
103.0,AP,5.00,28.5331,26.8218,26.4363,4.3543,0.6457,0.4413,0,0.0000
104.0,AP,5.00,28.5395,26.8374,26.4565,4.3745,0.6255,0.4413,0,0.0000
105.0,AP,5.00,28.5564,26.8531,26.4730,4.3910,0.6090,0.4413,0,0.0000
106.0,AP,5.00,28.5726,26.8745,26.4917,4.4097,0.5903,0.4413,0,0.0000
107.0,AP,5.00,28.6007,26.8969,26.5128,4.4308,0.5692,0.4413,0,0.0000
108.0,AP,5.00,28.6198,26.9159,26.5351,4.4531,0.5469,0.4413,0,0.0000
109.0,AP,5.00,28.6414,26.9345,26.5536,4.4716,0.5284,0.4413,0,0.0000
110.0,AP,5.00,28.6478,26.9513,26.5724,4.4904,0.5096,0.4031,0,0.0000
111.0,AP,5.00,28.6492,26.9682,26.5929,4.5109,0.4891,0.4031,0,0.0000
112.0,AP,5.00,28.6662,26.9904,26.6238,4.5418,0.4582,0.4031,0,0.0000
113.0,AP,5.00,28.6800,27.0088,26.6464,4.5644,0.4356,0.4031,0,0.0000
114.0,AP,5.00,28.6952,27.0302,26.6684,4.5864,0.4136,0.4031,0,0.0000
115.0,AP,5.00,28.7025,27.0483,26.6870,4.6050,0.3950,0.4031,0,0.0000
116.0,AP,5.00,28.7159,27.0701,26.7093,4.6273,0.3727,0.4031,0,0.0000
117.0,AP,5.00,28.7220,27.0833,26.7252,4.6432,0.3568,0.4031,0,0.0000
